# 
# 
# kRn1, kRn2: sum[Phi1,Eta1,Phi2,Eta2,specRn1,specRn2] density
0.054126588, 0.054126588, 1.273313e-10
0.054126588, 0.10825318, 4.3967394e-11
0.054126588, 0.16237976, 1.5133687e-11
0.054126588, 0.21650635, 2.3079156e-12
0.054126588, 0.27063294, 2.6176749e-12
0.054126588, 0.32475953, 1.6224971e-12
0.054126588, 0.37888611, 3.3257558e-13
0.054126588, 0.4330127, 2.3870172e-12
0.054126588, 0.48713929, 2.4636231e-12
0.054126588, 0.54126588, 3.1883552e-13
0.054126588, 0.59539247, 8.1845227e-13
0.054126588, 0.64951905, 1.1823329e-12
0.054126588, 0.70364564, 1.0983366e-12
0.054126588, 0.75777223, 6.5096876e-13
0.054126588, 0.81189882, 4.3291549e-13
0.054126588, 0.8660254, 3.936367e-13
0.054126588, 0.92015199, 6.4719591e-13
0.054126588, 0.97427858, 8.8480284e-13
0.054126588, 1.0284052, 1.2478519e-12
0.054126588, 1.0825318, 2.2626769e-12
0.054126588, 1.1366583, 4.4172915e-12
0.054126588, 1.1907849, 1.0133734e-11
0.054126588, 1.2449115, 3.0097385e-11
0.054126588, 1.2990381, 1.2541531e-10
0.054126588, 1.3531647, 9.7949978e-10
0.054126588, 1.4072913, 5.7663683e-07
0.054126588, 1.4614179, 5.7502117e-05
0.054126588, 1.5155445, 1.25016e-06
0.054126588, 1.569671, 1.9305966e-09
0.054126588, 1.6237976, 7.440394e-11
0.054126588, 1.6779242, 1.1918824e-11
0.054126588, 1.7320508, 2.4953934e-12
 
0.10825318, 0.054126588, 4.3967394e-11
0.10825318, 0.10825318, 9.5542794e-12
0.10825318, 0.16237976, 5.37362e-12
0.10825318, 0.21650635, 3.0766284e-13
0.10825318, 0.27063294, 1.1528716e-12
0.10825318, 0.32475953, 5.1832202e-13
0.10825318, 0.37888611, 1.702656e-13
0.10825318, 0.4330127, 4.6215e-13
0.10825318, 0.48713929, 6.4108739e-13
0.10825318, 0.54126588, 1.1788196e-13
0.10825318, 0.59539247, 8.9694455e-14
0.10825318, 0.64951905, 1.4880381e-13
0.10825318, 0.70364564, 1.7183293e-13
0.10825318, 0.75777223, 1.1312869e-13
0.10825318, 0.81189882, 7.0556949e-14
0.10825318, 0.8660254, 8.1291697e-14
0.10825318, 0.92015199, 1.3742794e-13
0.10825318, 0.97427858, 1.7715684e-13
0.10825318, 1.0284052, 2.568552e-13
0.10825318, 1.0825318, 4.5509745e-13
0.10825318, 1.1366583, 8.8543221e-13
0.10825318, 1.1907849, 2.0472114e-12
0.10825318, 1.2449115, 6.0164545e-12
0.10825318, 1.2990381, 2.5247717e-11
0.10825318, 1.3531647, 1.9805375e-10
0.10825318, 1.4072913, 1.2568319e-07
0.10825318, 1.4614179, 1.2917273e-05
0.10825318, 1.5155445, 2.5114819e-07
0.10825318, 1.569671, 3.701371e-10
0.10825318, 1.6237976, 1.4518124e-11
0.10825318, 1.6779242, 2.3721055e-12
0.10825318, 1.7320508, 5.0908784e-13
 
0.16237976, 0.054126588, 1.5133687e-11
0.16237976, 0.10825318, 5.37362e-12
0.16237976, 0.16237976, 1.6953268e-12
0.16237976, 0.21650635, 1.7937722e-13
0.16237976, 0.27063294, 1.100244e-12
0.16237976, 0.32475953, 1.1437006e-13
0.16237976, 0.37888611, 2.6102979e-13
0.16237976, 0.4330127, 4.8854287e-14
0.16237976, 0.48713929, 2.800453e-13
0.16237976, 0.54126588, 1.3987163e-13
0.16237976, 0.59539247, 2.4632755e-14
0.16237976, 0.64951905, 1.6616577e-14
0.16237976, 0.70364564, 2.552595e-14
0.16237976, 0.75777223, 2.1239072e-14
0.16237976, 0.81189882, 2.6552731e-14
0.16237976, 0.8660254, 4.0221672e-14
0.16237976, 0.92015199, 4.9104884e-14
0.16237976, 0.97427858, 5.878333e-14
0.16237976, 1.0284052, 9.8936594e-14
0.16237976, 1.0825318, 1.6155588e-13
0.16237976, 1.1366583, 3.2086975e-13
0.16237976, 1.1907849, 7.4684893e-13
0.16237976, 1.2449115, 2.1430155e-12
0.16237976, 1.2990381, 8.9482705e-12
0.16237976, 1.3531647, 7.039767e-11
0.16237976, 1.4072913, 7.4321079e-08
0.16237976, 1.4614179, 5.8612732e-06
0.16237976, 1.5155445, 8.830625e-08
0.16237976, 1.569671, 1.2693198e-10
0.16237976, 1.6237976, 4.9205143e-12
0.16237976, 1.6779242, 8.5460572e-13
0.16237976, 1.7320508, 1.8179645e-13
 
0.21650635, 0.054126588, 2.3079156e-12
0.21650635, 0.10825318, 3.0766284e-13
0.21650635, 0.16237976, 1.7937722e-13
0.21650635, 0.21650635, 7.5968701e-13
0.21650635, 0.27063294, 4.6441937e-13
0.21650635, 0.32475953, 1.0422939e-13
0.21650635, 0.37888611, 2.0987521e-13
0.21650635, 0.4330127, 1.4514859e-13
0.21650635, 0.48713929, 1.63667e-14
0.21650635, 0.54126588, 1.2598353e-13
0.21650635, 0.59539247, 1.2813609e-13
0.21650635, 0.64951905, 8.6600949e-14
0.21650635, 0.70364564, 5.7796857e-14
0.21650635, 0.75777223, 4.7616504e-14
0.21650635, 0.81189882, 4.391012e-14
0.21650635, 0.8660254, 2.5663187e-14
0.21650635, 0.92015199, 8.3275132e-15
0.21650635, 0.97427858, 2.024378e-14
0.21650635, 1.0284052, 2.363702e-14
0.21650635, 1.0825318, 3.3826345e-14
0.21650635, 1.1366583, 6.3342636e-14
0.21650635, 1.1907849, 1.5587756e-13
0.21650635, 1.2449115, 4.1881057e-13
0.21650635, 1.2990381, 1.7259252e-12
0.21650635, 1.3531647, 1.7001393e-11
0.21650635, 1.4072913, 1.3251687e-07
0.21650635, 1.4614179, 2.6856797e-06
0.21650635, 1.5155445, 1.1375167e-08
0.21650635, 1.569671, 2.1682871e-11
0.21650635, 1.6237976, 8.4144512e-13
0.21650635, 1.6779242, 1.6589197e-13
0.21650635, 1.7320508, 3.031712e-14
 
0.27063294, 0.054126588, 2.6176749e-12
0.27063294, 0.10825318, 1.1528716e-12
0.27063294, 0.16237976, 1.100244e-12
0.27063294, 0.21650635, 4.6441937e-13
0.27063294, 0.27063294, 5.924062e-14
0.27063294, 0.32475953, 4.2300673e-13
0.27063294, 0.37888611, 1.920132e-15
0.27063294, 0.4330127, 2.2125328e-13
0.27063294, 0.48713929, 7.3532141e-14
0.27063294, 0.54126588, 4.2676413e-15
0.27063294, 0.59539247, 5.3909336e-14
0.27063294, 0.64951905, 7.8787379e-14
0.27063294, 0.70364564, 6.1849167e-14
0.27063294, 0.75777223, 4.3566611e-14
0.27063294, 0.81189882, 1.7808019e-14
0.27063294, 0.8660254, 3.6836551e-15
0.27063294, 0.92015199, 1.3223244e-14
0.27063294, 0.97427858, 1.8251478e-14
0.27063294, 1.0284052, 1.078107e-14
0.27063294, 1.0825318, 2.6515128e-14
0.27063294, 1.1366583, 3.9504235e-14
0.27063294, 1.1907849, 9.3873524e-14
0.27063294, 1.2449115, 2.9869616e-13
0.27063294, 1.2990381, 1.3036226e-12
0.27063294, 1.3531647, 8.9049378e-12
0.27063294, 1.4072913, 3.6111576e-07
0.27063294, 1.4614179, 1.8424573e-06
0.27063294, 1.5155445, 1.4852245e-09
0.27063294, 1.569671, 1.3335796e-11
0.27063294, 1.6237976, 6.25162e-13
0.27063294, 1.6779242, 1.0490919e-13
0.27063294, 1.7320508, 1.9469383e-14
 
0.32475953, 0.054126588, 1.6224971e-12
0.32475953, 0.10825318, 5.1832202e-13
0.32475953, 0.16237976, 1.1437006e-13
0.32475953, 0.21650635, 1.0422939e-13
0.32475953, 0.27063294, 4.2300673e-13
0.32475953, 0.32475953, 3.371389e-14
0.32475953, 0.37888611, 1.9366471e-13
0.32475953, 0.4330127, 1.2557499e-15
0.32475953, 0.48713929, 9.2555876e-14
0.32475953, 0.54126588, 7.9905497e-14
0.32475953, 0.59539247, 2.2055553e-14
0.32475953, 0.64951905, 2.8839748e-15
0.32475953, 0.70364564, 7.6827859e-16
0.32475953, 0.75777223, 1.9527257e-15
0.32475953, 0.81189882, 8.0737728e-15
0.32475953, 0.8660254, 1.5769991e-14
0.32475953, 0.92015199, 1.1373011e-14
0.32475953, 0.97427858, 5.0488426e-16
0.32475953, 1.0284052, 6.8005042e-15
0.32475953, 1.0825318, 1.67287e-15
0.32475953, 1.1366583, 6.0639178e-15
0.32475953, 1.1907849, 7.3463026e-15
0.32475953, 1.2449115, 3.1439126e-14
0.32475953, 1.2990381, 3.0119291e-13
0.32475953, 1.3531647, 2.024332e-10
0.32475953, 1.4072913, 3.6068499e-07
0.32475953, 1.4614179, 6.558444e-07
0.32475953, 1.5155445, 3.7287646e-10
0.32475953, 1.569671, 7.2900562e-13
0.32475953, 1.6237976, 3.8643094e-14
0.32475953, 1.6779242, 8.6352022e-15
0.32475953, 1.7320508, 9.5405513e-16
 
0.37888611, 0.054126588, 3.3257558e-13
0.37888611, 0.10825318, 1.702656e-13
0.37888611, 0.16237976, 2.6102979e-13
0.37888611, 0.21650635, 2.0987521e-13
0.37888611, 0.27063294, 1.920132e-15
0.37888611, 0.32475953, 1.9366471e-13
0.37888611, 0.37888611, 6.6820121e-15
0.37888611, 0.4330127, 1.2522372e-13
0.37888611, 0.48713929, 1.8672433e-14
0.37888611, 0.54126588, 7.1884279e-15
0.37888611, 0.59539247, 3.1538551e-14
0.37888611, 0.64951905, 3.5286184e-14
0.37888611, 0.70364564, 2.7393804e-14
0.37888611, 0.75777223, 1.9905269e-14
0.37888611, 0.81189882, 1.0114734e-14
0.37888611, 0.8660254, 1.0183891e-15
0.37888611, 0.92015199, 2.7983138e-15
0.37888611, 0.97427858, 6.952041e-15
0.37888611, 1.0284052, 1.2385494e-16
0.37888611, 1.0825318, 3.4804188e-15
0.37888611, 1.1366583, 1.0689678e-16
0.37888611, 1.1907849, 1.8430943e-15
0.37888611, 1.2449115, 3.6437303e-15
0.37888611, 1.2990381, 1.718349e-15
0.37888611, 1.3531647, 2.76986e-09
0.37888611, 1.4072913, 3.0141859e-07
0.37888611, 1.4614179, 4.3190977e-08
0.37888611, 1.5155445, 4.6890177e-11
0.37888611, 1.569671, 3.6676655e-14
0.37888611, 1.6237976, 5.5786175e-16
0.37888611, 1.6779242, 1.3009014e-16
0.37888611, 1.7320508, 2.0418109e-16
 
0.4330127, 0.054126588, 2.3870172e-12
0.4330127, 0.10825318, 4.6215e-13
0.4330127, 0.16237976, 4.8854287e-14
0.4330127, 0.21650635, 1.4514859e-13
0.4330127, 0.27063294, 2.2125328e-13
0.4330127, 0.32475953, 1.2557499e-15
0.4330127, 0.37888611, 1.2522372e-13
0.4330127, 0.4330127, 5.5540537e-15
0.4330127, 0.48713929, 4.1420402e-14
0.4330127, 0.54126588, 5.5929151e-14
0.4330127, 0.59539247, 2.4489875e-14
0.4330127, 0.64951905, 7.5938814e-15
0.4330127, 0.70364564, 3.640036e-15
0.4330127, 0.75777223, 4.7446489e-15
0.4330127, 0.81189882, 8.6273597e-15
0.4330127, 0.8660254, 1.0560388e-14
0.4330127, 0.92015199, 4.3637085e-15
0.4330127, 0.97427858, 5.0312704e-16
0.4330127, 1.0284052, 4.4866438e-15
0.4330127, 1.0825318, 9.9819697e-17
0.4330127, 1.1366583, 2.1223848e-15
0.4330127, 1.1907849, 9.8812389e-16
0.4330127, 1.2449115, 9.7740959e-15
0.4330127, 1.2990381, 2.1422937e-12
0.4330127, 1.3531647, 2.0831074e-08
0.4330127, 1.4072913, 2.1569565e-07
0.4330127, 1.4614179, 2.2512574e-09
0.4330127, 1.5155445, 1.9383236e-11
0.4330127, 1.569671, 5.4397393e-14
0.4330127, 1.6237976, 1.5611907e-15
0.4330127, 1.6779242, 4.3027936e-16
0.4330127, 1.7320508, 1.0882793e-16
 
0.48713929, 0.054126588, 2.4636231e-12
0.48713929, 0.10825318, 6.4108739e-13
0.48713929, 0.16237976, 2.800453e-13
0.48713929, 0.21650635, 1.63667e-14
0.48713929, 0.27063294, 7.3532141e-14
0.48713929, 0.32475953, 9.2555876e-14
0.48713929, 0.37888611, 1.8672433e-14
0.48713929, 0.4330127, 4.1420402e-14
0.48713929, 0.48713929, 4.3850241e-14
0.48713929, 0.54126588, 4.9896911e-15
0.48713929, 0.59539247, 1.5246508e-15
0.48713929, 0.64951905, 7.1068638e-15
0.48713929, 0.70364564, 7.0788072e-15
0.48713929, 0.75777223, 3.8741836e-15
0.48713929, 0.81189882, 3.7866628e-16
0.48713929, 0.8660254, 1.0966588e-15
0.48713929, 0.92015199, 4.7516174e-15
0.48713929, 0.97427858, 1.9482206e-15
0.48713929, 1.0284052, 8.5744026e-16
0.48713929, 1.0825318, 1.5695536e-15
0.48713929, 1.1366583, 8.2840572e-16
0.48713929, 1.1907849, 8.930169e-16
0.48713929, 1.2449115, 4.4221048e-14
0.48713929, 1.2990381, 1.3680107e-11
0.48713929, 1.3531647, 5.1726301e-08
0.48713929, 1.4072913, 5.5363371e-08
0.48713929, 1.4614179, 9.6916332e-11
0.48713929, 1.5155445, 1.2370479e-12
0.48713929, 1.569671, 2.2349031e-16
0.48713929, 1.6237976, 8.6949897e-17
0.48713929, 1.6779242, 5.167186e-17
0.48713929, 1.7320508, 1.5378127e-16
 
0.54126588, 0.054126588, 3.1883552e-13
0.54126588, 0.10825318, 1.1788196e-13
0.54126588, 0.16237976, 1.3987163e-13
0.54126588, 0.21650635, 1.2598353e-13
0.54126588, 0.27063294, 4.2676413e-15
0.54126588, 0.32475953, 7.9905497e-14
0.54126588, 0.37888611, 7.1884279e-15
0.54126588, 0.4330127, 5.5929151e-14
0.54126588, 0.48713929, 4.9896911e-15
0.54126588, 0.54126588, 6.1661641e-15
0.54126588, 0.59539247, 1.7596128e-14
0.54126588, 0.64951905, 1.8153384e-14
0.54126588, 0.70364564, 1.4284447e-14
0.54126588, 0.75777223, 1.1235745e-14
0.54126588, 0.81189882, 6.2381312e-15
0.54126588, 0.8660254, 1.0706331e-15
0.54126588, 0.92015199, 7.2894386e-16
0.54126588, 0.97427858, 3.3383019e-15
0.54126588, 1.0284052, 2.1586097e-16
0.54126588, 1.0825318, 1.8261217e-15
0.54126588, 1.1366583, 1.4059229e-16
0.54126588, 1.1907849, 4.9831215e-15
0.54126588, 1.2449115, 6.9576919e-14
0.54126588, 1.2990381, 1.6458062e-09
0.54126588, 1.3531647, 7.9380303e-08
0.54126588, 1.4072913, 5.8922081e-09
0.54126588, 1.4614179, 3.2121975e-12
0.54126588, 1.5155445, 3.7394279e-12
0.54126588, 1.569671, 2.5548951e-15
0.54126588, 1.6237976, 1.2868163e-16
0.54126588, 1.6779242, 1.708569e-17
0.54126588, 1.7320508, 7.3178858e-17
 
0.59539247, 0.054126588, 8.1845227e-13
0.59539247, 0.10825318, 8.9694455e-14
0.59539247, 0.16237976, 2.4632755e-14
0.59539247, 0.21650635, 1.2813609e-13
0.59539247, 0.27063294, 5.3909336e-14
0.59539247, 0.32475953, 2.2055553e-14
0.59539247, 0.37888611, 3.1538551e-14
0.59539247, 0.4330127, 2.4489875e-14
0.59539247, 0.48713929, 1.5246508e-15
0.59539247, 0.54126588, 1.7596128e-14
0.59539247, 0.59539247, 1.6496616e-14
0.59539247, 0.64951905, 1.0468282e-14
0.59539247, 0.70364564, 6.9032776e-15
0.59539247, 0.75777223, 6.4669756e-15
0.59539247, 0.81189882, 5.7135367e-15
0.59539247, 0.8660254, 3.2942191e-15
0.59539247, 0.92015199, 1.0136993e-16
0.59539247, 0.97427858, 1.4594386e-15
0.59539247, 1.0284052, 1.0441244e-15
0.59539247, 1.0825318, 5.4731359e-16
0.59539247, 1.1366583, 8.5186179e-16
0.59539247, 1.1907849, 8.5937661e-15
0.59539247, 1.2449115, 2.9357082e-14
0.59539247, 1.2990381, 1.4981363e-08
0.59539247, 1.3531647, 4.2767261e-08
0.59539247, 1.4072913, 4.3702284e-11
0.59539247, 1.4614179, 3.1154284e-10
0.59539247, 1.5155445, 3.4567454e-12
0.59539247, 1.569671, 5.2661546e-15
0.59539247, 1.6237976, 2.7363461e-16
0.59539247, 1.6779242, 4.0372061e-17
0.59539247, 1.7320508, 7.1623899e-17
 
0.64951905, 0.054126588, 1.1823329e-12
0.64951905, 0.10825318, 1.4880381e-13
0.64951905, 0.16237976, 1.6616577e-14
0.64951905, 0.21650635, 8.6600949e-14
0.64951905, 0.27063294, 7.8787379e-14
0.64951905, 0.32475953, 2.8839748e-15
0.64951905, 0.37888611, 3.5286184e-14
0.64951905, 0.4330127, 7.5938814e-15
0.64951905, 0.48713929, 7.1068638e-15
0.64951905, 0.54126588, 1.8153384e-14
0.64951905, 0.59539247, 1.0468282e-14
0.64951905, 0.64951905, 4.7803701e-15
0.64951905, 0.70364564, 2.6909115e-15
0.64951905, 0.75777223, 3.020691e-15
0.64951905, 0.81189882, 3.7772485e-15
0.64951905, 0.8660254, 3.5772863e-15
0.64951905, 0.92015199, 6.8063068e-16
0.64951905, 0.97427858, 5.2795676e-16
0.64951905, 1.0284052, 1.3029912e-15
0.64951905, 1.0825318, 1.4391251e-16
0.64951905, 1.1366583, 3.5365518e-15
0.64951905, 1.1907849, 2.5959852e-14
0.64951905, 1.2449115, 5.8211597e-10
0.64951905, 1.2990381, 3.9913266e-08
0.64951905, 1.3531647, 6.5036893e-09
0.64951905, 1.4072913, 1.3156318e-12
0.64951905, 1.4614179, 7.3307647e-12
0.64951905, 1.5155445, 7.2035496e-14
0.64951905, 1.569671, 7.5862158e-17
0.64951905, 1.6237976, 4.8045288e-17
0.64951905, 1.6779242, 7.1526323e-18
0.64951905, 1.7320508, 3.4927636e-17
 
0.70364564, 0.054126588, 1.0983366e-12
0.70364564, 0.10825318, 1.7183293e-13
0.70364564, 0.16237976, 2.552595e-14
0.70364564, 0.21650635, 5.7796857e-14
0.70364564, 0.27063294, 6.1849167e-14
0.70364564, 0.32475953, 7.6827859e-16
0.70364564, 0.37888611, 2.7393804e-14
0.70364564, 0.4330127, 3.640036e-15
0.70364564, 0.48713929, 7.0788072e-15
0.70364564, 0.54126588, 1.4284447e-14
0.70364564, 0.59539247, 6.9032776e-15
0.70364564, 0.64951905, 2.6909115e-15
0.70364564, 0.70364564, 1.3478245e-15
0.70364564, 0.75777223, 1.5883394e-15
0.70364564, 0.81189882, 2.300532e-15
0.70364564, 0.8660254, 2.6621661e-15
0.70364564, 0.92015199, 7.0649401e-16
0.70364564, 0.97427858, 2.6852779e-16
0.70364564, 1.0284052, 1.0536925e-15
0.70364564, 1.0825318, 2.1220648e-16
0.70364564, 1.1366583, 1.8661175e-14
0.70364564, 1.1907849, 3.875274e-13
0.70364564, 1.2449115, 1.0113799e-08
0.70364564, 1.2990381, 2.4448253e-08
0.70364564, 1.3531647, 6.2325579e-11
0.70364564, 1.4072913, 5.0494948e-14
0.70364564, 1.4614179, 5.5191125e-12
0.70364564, 1.5155445, 7.6701657e-14
0.70364564, 1.569671, 6.3767116e-17
0.70364564, 1.6237976, 1.9160971e-17
0.70364564, 1.6779242, 9.0285045e-18
0.70364564, 1.7320508, 1.9812336e-17
 
0.75777223, 0.054126588, 6.5096876e-13
0.75777223, 0.10825318, 1.1312869e-13
0.75777223, 0.16237976, 2.1239072e-14
0.75777223, 0.21650635, 4.7616504e-14
0.75777223, 0.27063294, 4.3566611e-14
0.75777223, 0.32475953, 1.9527257e-15
0.75777223, 0.37888611, 1.9905269e-14
0.75777223, 0.4330127, 4.7446489e-15
0.75777223, 0.48713929, 3.8741836e-15
0.75777223, 0.54126588, 1.1235745e-14
0.75777223, 0.59539247, 6.4669756e-15
0.75777223, 0.64951905, 3.020691e-15
0.75777223, 0.70364564, 1.5883394e-15
0.75777223, 0.75777223, 1.6479042e-15
0.75777223, 0.81189882, 1.9885901e-15
0.75777223, 0.8660254, 1.9087888e-15
0.75777223, 0.92015199, 3.7790179e-16
0.75777223, 0.97427858, 3.3087554e-16
0.75777223, 1.0284052, 1.0835214e-15
0.75777223, 1.0825318, 6.7313002e-16
0.75777223, 1.1366583, 3.4940448e-13
0.75777223, 1.1907849, 1.1421069e-09
0.75777223, 1.2449115, 2.5664679e-08
0.75777223, 1.2990381, 2.4821187e-09
0.75777223, 1.3531647, 3.5621405e-13
0.75777223, 1.4072913, 1.5436748e-13
0.75777223, 1.4614179, 2.4599143e-11
0.75777223, 1.5155445, 2.9032084e-13
0.75777223, 1.569671, 4.9900472e-16
0.75777223, 1.6237976, 3.0517187e-17
0.75777223, 1.6779242, 1.2094462e-17
0.75777223, 1.7320508, 1.6649609e-17
 
0.81189882, 0.054126588, 4.3291549e-13
0.81189882, 0.10825318, 7.0556949e-14
0.81189882, 0.16237976, 2.6552731e-14
0.81189882, 0.21650635, 4.391012e-14
0.81189882, 0.27063294, 1.7808019e-14
0.81189882, 0.32475953, 8.0737728e-15
0.81189882, 0.37888611, 1.0114734e-14
0.81189882, 0.4330127, 8.6273597e-15
0.81189882, 0.48713929, 3.7866628e-16
0.81189882, 0.54126588, 6.2381312e-15
0.81189882, 0.59539247, 5.7135367e-15
0.81189882, 0.64951905, 3.7772485e-15
0.81189882, 0.70364564, 2.300532e-15
0.81189882, 0.75777223, 1.9885901e-15
0.81189882, 0.81189882, 1.6902663e-15
0.81189882, 0.8660254, 9.8081799e-16
0.81189882, 0.92015199, 4.2728419e-17
0.81189882, 0.97427858, 5.4112828e-16
0.81189882, 1.0284052, 2.5279884e-15
0.81189882, 1.0825318, 2.5559148e-16
0.81189882, 1.1366583, 7.5598516e-11
0.81189882, 1.1907849, 1.351867e-08
0.81189882, 1.2449115, 9.9944599e-09
0.81189882, 1.2990381, 2.4756612e-12
0.81189882, 1.3531647, 1.0864418e-14
0.81189882, 1.4072913, 3.0877243e-14
0.81189882, 1.4614179, 3.3766569e-12
0.81189882, 1.5155445, 8.2199796e-14
0.81189882, 1.569671, 1.0307215e-16
0.81189882, 1.6237976, 1.4725342e-17
0.81189882, 1.6779242, 4.2868868e-18
0.81189882, 1.7320508, 2.0255413e-17
 
0.8660254, 0.054126588, 3.936367e-13
0.8660254, 0.10825318, 8.1291697e-14
0.8660254, 0.16237976, 4.0221672e-14
0.8660254, 0.21650635, 2.5663187e-14
0.8660254, 0.27063294, 3.6836551e-15
0.8660254, 0.32475953, 1.5769991e-14
0.8660254, 0.37888611, 1.0183891e-15
0.8660254, 0.4330127, 1.0560388e-14
0.8660254, 0.48713929, 1.0966588e-15
0.8660254, 0.54126588, 1.0706331e-15
0.8660254, 0.59539247, 3.2942191e-15
0.8660254, 0.64951905, 3.5772863e-15
0.8660254, 0.70364564, 2.6621661e-15
0.8660254, 0.75777223, 1.9087888e-15
0.8660254, 0.81189882, 9.8081799e-16
0.8660254, 0.8660254, 1.7023474e-16
0.8660254, 0.92015199, 1.6288174e-16
0.8660254, 0.97427858, 1.3070161e-15
0.8660254, 1.0284052, 1.8404576e-14
0.8660254, 1.0825318, 2.2524057e-12
0.8660254, 1.1366583, 6.1608291e-09
0.8660254, 1.1907849, 1.6771074e-08
0.8660254, 1.2449115, 2.3710327e-10
0.8660254, 1.2990381, 1.04449e-16
0.8660254, 1.3531647, 4.4708929e-16
0.8660254, 1.4072913, 6.5162126e-15
0.8660254, 1.4614179, 5.5094573e-13
0.8660254, 1.5155445, 8.6068444e-15
0.8660254, 1.569671, 9.4079444e-18
0.8660254, 1.6237976, 8.3022126e-18
0.8660254, 1.6779242, 3.7215372e-19
0.8660254, 1.7320508, 1.8544433e-17
 
0.92015199, 0.054126588, 6.4719591e-13
0.92015199, 0.10825318, 1.3742794e-13
0.92015199, 0.16237976, 4.9104884e-14
0.92015199, 0.21650635, 8.3275132e-15
0.92015199, 0.27063294, 1.3223244e-14
0.92015199, 0.32475953, 1.1373011e-14
0.92015199, 0.37888611, 2.7983138e-15
0.92015199, 0.4330127, 4.3637085e-15
0.92015199, 0.48713929, 4.7516174e-15
0.92015199, 0.54126588, 7.2894386e-16
0.92015199, 0.59539247, 1.0136993e-16
0.92015199, 0.64951905, 6.8063068e-16
0.92015199, 0.70364564, 7.0649401e-16
0.92015199, 0.75777223, 3.7790179e-16
0.92015199, 0.81189882, 4.2728419e-17
0.92015199, 0.8660254, 1.6288174e-16
0.92015199, 0.92015199, 8.8015696e-16
0.92015199, 0.97427858, 1.6429139e-14
0.92015199, 1.0284052, 1.1357792e-14
0.92015199, 1.0825318, 2.2870547e-09
0.92015199, 1.1366583, 1.7049222e-08
0.92015199, 1.1907849, 1.3535645e-09
0.92015199, 1.2449115, 2.9420579e-13
0.92015199, 1.2990381, 6.5709974e-16
0.92015199, 1.3531647, 8.3637789e-17
0.92015199, 1.4072913, 8.4370246e-16
0.92015199, 1.4614179, 1.9952408e-13
0.92015199, 1.5155445, 3.3572697e-14
0.92015199, 1.569671, 2.2126077e-17
0.92015199, 1.6237976, 8.2686689e-19
0.92015199, 1.6779242, 1.3788622e-17
0.92015199, 1.7320508, 7.072381e-18
 
0.97427858, 0.054126588, 8.8480284e-13
0.97427858, 0.10825318, 1.7715684e-13
0.97427858, 0.16237976, 5.878333e-14
0.97427858, 0.21650635, 2.024378e-14
0.97427858, 0.27063294, 1.8251478e-14
0.97427858, 0.32475953, 5.0488426e-16
0.97427858, 0.37888611, 6.952041e-15
0.97427858, 0.4330127, 5.0312704e-16
0.97427858, 0.48713929, 1.9482206e-15
0.97427858, 0.54126588, 3.3383019e-15
0.97427858, 0.59539247, 1.4594386e-15
0.97427858, 0.64951905, 5.2795676e-16
0.97427858, 0.70364564, 2.6852779e-16
0.97427858, 0.75777223, 3.3087554e-16
0.97427858, 0.81189882, 5.4112828e-16
0.97427858, 0.8660254, 1.3070161e-15
0.97427858, 0.92015199, 1.6429139e-14
0.97427858, 0.97427858, 1.212156e-13
0.97427858, 1.0284052, 1.3947923e-09
0.97427858, 1.0825318, 1.3949463e-08
0.97427858, 1.1366583, 2.8242579e-09
0.97427858, 1.1907849, 5.0377564e-14
0.97427858, 1.2449115, 2.6199208e-15
0.97427858, 1.2990381, 7.9135054e-16
0.97427858, 1.3531647, 4.7681127e-17
0.97427858, 1.4072913, 4.584974e-14
0.97427858, 1.4614179, 3.8435654e-12
0.97427858, 1.5155445, 7.7401401e-14
0.97427858, 1.569671, 1.2547246e-16
0.97427858, 1.6237976, 1.6343056e-17
0.97427858, 1.6779242, 8.0034133e-18
0.97427858, 1.7320508, 3.5212616e-18
 
1.0284052, 0.054126588, 1.2478519e-12
1.0284052, 0.10825318, 2.568552e-13
1.0284052, 0.16237976, 9.8936594e-14
1.0284052, 0.21650635, 2.363702e-14
1.0284052, 0.27063294, 1.078107e-14
1.0284052, 0.32475953, 6.8005042e-15
1.0284052, 0.37888611, 1.2385494e-16
1.0284052, 0.4330127, 4.4866438e-15
1.0284052, 0.48713929, 8.5744026e-16
1.0284052, 0.54126588, 2.1586097e-16
1.0284052, 0.59539247, 1.0441244e-15
1.0284052, 0.64951905, 1.3029912e-15
1.0284052, 0.70364564, 1.0536925e-15
1.0284052, 0.75777223, 1.0835214e-15
1.0284052, 0.81189882, 2.5279884e-15
1.0284052, 0.8660254, 1.8404576e-14
1.0284052, 0.92015199, 1.1357792e-14
1.0284052, 0.97427858, 1.3947923e-09
1.0284052, 1.0284052, 1.3861297e-08
1.0284052, 1.0825318, 3.5811672e-09
1.0284052, 1.1366583, 8.1166457e-13
1.0284052, 1.1907849, 1.1909914e-14
1.0284052, 1.2449115, 1.1181816e-15
1.0284052, 1.2990381, 2.5865235e-17
1.0284052, 1.3531647, 1.1655053e-17
1.0284052, 1.4072913, 1.1488141e-16
1.0284052, 1.4614179, 3.1345736e-14
1.0284052, 1.5155445, 7.0195297e-16
1.0284052, 1.569671, 1.3058719e-17
1.0284052, 1.6237976, 8.5265365e-18
1.0284052, 1.6779242, 4.632236e-19
1.0284052, 1.7320508, 1.0992193e-17
 
1.0825318, 0.054126588, 2.2626769e-12
1.0825318, 0.10825318, 4.5509745e-13
1.0825318, 0.16237976, 1.6155588e-13
1.0825318, 0.21650635, 3.3826345e-14
1.0825318, 0.27063294, 2.6515128e-14
1.0825318, 0.32475953, 1.67287e-15
1.0825318, 0.37888611, 3.4804188e-15
1.0825318, 0.4330127, 9.9819697e-17
1.0825318, 0.48713929, 1.5695536e-15
1.0825318, 0.54126588, 1.8261217e-15
1.0825318, 0.59539247, 5.4731359e-16
1.0825318, 0.64951905, 1.4391251e-16
1.0825318, 0.70364564, 2.1220648e-16
1.0825318, 0.75777223, 6.7313002e-16
1.0825318, 0.81189882, 2.5559148e-16
1.0825318, 0.8660254, 2.2524057e-12
1.0825318, 0.92015199, 2.2870547e-09
1.0825318, 0.97427858, 1.3949463e-08
1.0825318, 1.0284052, 3.5811672e-09
1.0825318, 1.0825318, 2.0942457e-12
1.0825318, 1.1366583, 1.0577026e-14
1.0825318, 1.1907849, 5.5482893e-16
1.0825318, 1.2449115, 9.1538187e-18
1.0825318, 1.2990381, 2.1112209e-17
1.0825318, 1.3531647, 3.8411921e-17
1.0825318, 1.4072913, 8.9061132e-15
1.0825318, 1.4614179, 8.3602865e-13
1.0825318, 1.5155445, 1.4492244e-14
1.0825318, 1.569671, 2.3933598e-17
1.0825318, 1.6237976, 3.8254491e-18
1.0825318, 1.6779242, 7.4082858e-18
1.0825318, 1.7320508, 1.008291e-18
 
1.1366583, 0.054126588, 4.4172915e-12
1.1366583, 0.10825318, 8.8543221e-13
1.1366583, 0.16237976, 3.2086975e-13
1.1366583, 0.21650635, 6.3342636e-14
1.1366583, 0.27063294, 3.9504235e-14
1.1366583, 0.32475953, 6.0639178e-15
1.1366583, 0.37888611, 1.0689678e-16
1.1366583, 0.4330127, 2.1223848e-15
1.1366583, 0.48713929, 8.2840572e-16
1.1366583, 0.54126588, 1.4059229e-16
1.1366583, 0.59539247, 8.5186179e-16
1.1366583, 0.64951905, 3.5365518e-15
1.1366583, 0.70364564, 1.8661175e-14
1.1366583, 0.75777223, 3.4940448e-13
1.1366583, 0.81189882, 7.5598516e-11
1.1366583, 0.8660254, 6.1608291e-09
1.1366583, 0.92015199, 1.7049222e-08
1.1366583, 0.97427858, 2.8242579e-09
1.1366583, 1.0284052, 8.1166457e-13
1.1366583, 1.0825318, 1.0577026e-14
1.1366583, 1.1366583, 3.6677619e-16
1.1366583, 1.1907849, 3.4109633e-17
1.1366583, 1.2449115, 3.9080746e-17
1.1366583, 1.2990381, 2.6902893e-17
1.1366583, 1.3531647, 1.3130845e-17
1.1366583, 1.4072913, 2.5687724e-15
1.1366583, 1.4614179, 1.5512867e-13
1.1366583, 1.5155445, 1.2601936e-14
1.1366583, 1.569671, 1.9952397e-17
1.1366583, 1.6237976, 2.2994769e-18
1.1366583, 1.6779242, 2.1324146e-18
1.1366583, 1.7320508, 5.684422e-18
 
1.1907849, 0.054126588, 1.0133734e-11
1.1907849, 0.10825318, 2.0472114e-12
1.1907849, 0.16237976, 7.4684893e-13
1.1907849, 0.21650635, 1.5587756e-13
1.1907849, 0.27063294, 9.3873524e-14
1.1907849, 0.32475953, 7.3463026e-15
1.1907849, 0.37888611, 1.8430943e-15
1.1907849, 0.4330127, 9.8812389e-16
1.1907849, 0.48713929, 8.930169e-16
1.1907849, 0.54126588, 4.9831215e-15
1.1907849, 0.59539247, 8.5937661e-15
1.1907849, 0.64951905, 2.5959852e-14
1.1907849, 0.70364564, 3.875274e-13
1.1907849, 0.75777223, 1.1421069e-09
1.1907849, 0.81189882, 1.351867e-08
1.1907849, 0.8660254, 1.6771074e-08
1.1907849, 0.92015199, 1.3535645e-09
1.1907849, 0.97427858, 5.0377564e-14
1.1907849, 1.0284052, 1.1909914e-14
1.1907849, 1.0825318, 5.5482893e-16
1.1907849, 1.1366583, 3.4109633e-17
1.1907849, 1.1907849, 3.9651203e-17
1.1907849, 1.2449115, 1.0119374e-17
1.1907849, 1.2990381, 2.9063775e-19
1.1907849, 1.3531647, 2.3505446e-18
1.1907849, 1.4072913, 1.6338684e-15
1.1907849, 1.4614179, 1.5183987e-13
1.1907849, 1.5155445, 2.6707508e-15
1.1907849, 1.569671, 5.0102987e-18
1.1907849, 1.6237976, 8.0303694e-18
1.1907849, 1.6779242, 1.1848299e-18
1.1907849, 1.7320508, 5.3932552e-18
 
1.2449115, 0.054126588, 3.0097385e-11
1.2449115, 0.10825318, 6.0164545e-12
1.2449115, 0.16237976, 2.1430155e-12
1.2449115, 0.21650635, 4.1881057e-13
1.2449115, 0.27063294, 2.9869616e-13
1.2449115, 0.32475953, 3.1439126e-14
1.2449115, 0.37888611, 3.6437303e-15
1.2449115, 0.4330127, 9.7740959e-15
1.2449115, 0.48713929, 4.4221048e-14
1.2449115, 0.54126588, 6.9576919e-14
1.2449115, 0.59539247, 2.9357082e-14
1.2449115, 0.64951905, 5.8211597e-10
1.2449115, 0.70364564, 1.0113799e-08
1.2449115, 0.75777223, 2.5664679e-08
1.2449115, 0.81189882, 9.9944599e-09
1.2449115, 0.8660254, 2.3710327e-10
1.2449115, 0.92015199, 2.9420579e-13
1.2449115, 0.97427858, 2.6199208e-15
1.2449115, 1.0284052, 1.1181816e-15
1.2449115, 1.0825318, 9.1538187e-18
1.2449115, 1.1366583, 3.9080746e-17
1.2449115, 1.1907849, 1.0119374e-17
1.2449115, 1.2449115, 1.7255476e-18
1.2449115, 1.2990381, 2.8939984e-18
1.2449115, 1.3531647, 7.9933571e-18
1.2449115, 1.4072913, 1.6221556e-15
1.2449115, 1.4614179, 7.2979697e-14
1.2449115, 1.5155445, 3.6068682e-15
1.2449115, 1.569671, 4.3380396e-18
1.2449115, 1.6237976, 1.5778886e-18
1.2449115, 1.6779242, 6.8348759e-18
1.2449115, 1.7320508, 3.5267223e-19
 
1.2990381, 0.054126588, 1.2541531e-10
1.2990381, 0.10825318, 2.5247717e-11
1.2990381, 0.16237976, 8.9482705e-12
1.2990381, 0.21650635, 1.7259252e-12
1.2990381, 0.27063294, 1.3036226e-12
1.2990381, 0.32475953, 3.0119291e-13
1.2990381, 0.37888611, 1.718349e-15
1.2990381, 0.4330127, 2.1422937e-12
1.2990381, 0.48713929, 1.3680107e-11
1.2990381, 0.54126588, 1.6458062e-09
1.2990381, 0.59539247, 1.4981363e-08
1.2990381, 0.64951905, 3.9913266e-08
1.2990381, 0.70364564, 2.4448253e-08
1.2990381, 0.75777223, 2.4821187e-09
1.2990381, 0.81189882, 2.4756612e-12
1.2990381, 0.8660254, 1.04449e-16
1.2990381, 0.92015199, 6.5709974e-16
1.2990381, 0.97427858, 7.9135054e-16
1.2990381, 1.0284052, 2.5865235e-17
1.2990381, 1.0825318, 2.1112209e-17
1.2990381, 1.1366583, 2.6902893e-17
1.2990381, 1.1907849, 2.9063775e-19
1.2990381, 1.2449115, 2.8939984e-18
1.2990381, 1.2990381, 7.8078986e-18
1.2990381, 1.3531647, 1.1720793e-17
1.2990381, 1.4072913, 9.2726446e-17
1.2990381, 1.4614179, 4.73271e-14
1.2990381, 1.5155445, 3.0724082e-15
1.2990381, 1.569671, 4.3269947e-18
1.2990381, 1.6237976, 3.4775855e-20
1.2990381, 1.6779242, 1.2258866e-17
1.2990381, 1.7320508, 1.9259031e-16
 
1.3531647, 0.054126588, 9.7949978e-10
1.3531647, 0.10825318, 1.9805375e-10
1.3531647, 0.16237976, 7.039767e-11
1.3531647, 0.21650635, 1.7001393e-11
1.3531647, 0.27063294, 8.9049378e-12
1.3531647, 0.32475953, 2.024332e-10
1.3531647, 0.37888611, 2.76986e-09
1.3531647, 0.4330127, 2.0831074e-08
1.3531647, 0.48713929, 5.1726301e-08
1.3531647, 0.54126588, 7.9380303e-08
1.3531647, 0.59539247, 4.2767261e-08
1.3531647, 0.64951905, 6.5036893e-09
1.3531647, 0.70364564, 6.2325579e-11
1.3531647, 0.75777223, 3.5621405e-13
1.3531647, 0.81189882, 1.0864418e-14
1.3531647, 0.8660254, 4.4708929e-16
1.3531647, 0.92015199, 8.3637789e-17
1.3531647, 0.97427858, 4.7681127e-17
1.3531647, 1.0284052, 1.1655053e-17
1.3531647, 1.0825318, 3.8411921e-17
1.3531647, 1.1366583, 1.3130845e-17
1.3531647, 1.1907849, 2.3505446e-18
1.3531647, 1.2449115, 7.9933571e-18
1.3531647, 1.2990381, 1.1720793e-17
1.3531647, 1.3531647, 1.2341343e-17
1.3531647, 1.4072913, 1.0606726e-15
1.3531647, 1.4614179, 1.0494874e-13
1.3531647, 1.5155445, 1.7605305e-15
1.3531647, 1.569671, 6.444661e-18
1.3531647, 1.6237976, 2.3221135e-18
1.3531647, 1.6779242, 1.2821645e-16
1.3531647, 1.7320508, 2.997205e-18
 
1.4072913, 0.054126588, 5.7663683e-07
1.4072913, 0.10825318, 1.2568319e-07
1.4072913, 0.16237976, 7.4321079e-08
1.4072913, 0.21650635, 1.3251687e-07
1.4072913, 0.27063294, 3.6111576e-07
1.4072913, 0.32475953, 3.6068499e-07
1.4072913, 0.37888611, 3.0141859e-07
1.4072913, 0.4330127, 2.1569565e-07
1.4072913, 0.48713929, 5.5363371e-08
1.4072913, 0.54126588, 5.8922081e-09
1.4072913, 0.59539247, 4.3702284e-11
1.4072913, 0.64951905, 1.3156318e-12
1.4072913, 0.70364564, 5.0494948e-14
1.4072913, 0.75777223, 1.5436748e-13
1.4072913, 0.81189882, 3.0877243e-14
1.4072913, 0.8660254, 6.5162126e-15
1.4072913, 0.92015199, 8.4370246e-16
1.4072913, 0.97427858, 4.584974e-14
1.4072913, 1.0284052, 1.1488141e-16
1.4072913, 1.0825318, 8.9061132e-15
1.4072913, 1.1366583, 2.5687724e-15
1.4072913, 1.1907849, 1.6338684e-15
1.4072913, 1.2449115, 1.6221556e-15
1.4072913, 1.2990381, 9.2726446e-17
1.4072913, 1.3531647, 1.0606726e-15
1.4072913, 1.4072913, 1.0537215e-15
1.4072913, 1.4614179, 6.1864167e-15
1.4072913, 1.5155445, 4.1697243e-16
1.4072913, 1.569671, 3.1822388e-17
1.4072913, 1.6237976, 6.0407683e-16
1.4072913, 1.6779242, 4.9128687e-16
1.4072913, 1.7320508, 1.2359711e-17
 
1.4614179, 0.054126588, 5.7502117e-05
1.4614179, 0.10825318, 1.2917273e-05
1.4614179, 0.16237976, 5.8612732e-06
1.4614179, 0.21650635, 2.6856797e-06
1.4614179, 0.27063294, 1.8424573e-06
1.4614179, 0.32475953, 6.558444e-07
1.4614179, 0.37888611, 4.3190977e-08
1.4614179, 0.4330127, 2.2512574e-09
1.4614179, 0.48713929, 9.6916332e-11
1.4614179, 0.54126588, 3.2121975e-12
1.4614179, 0.59539247, 3.1154284e-10
1.4614179, 0.64951905, 7.3307647e-12
1.4614179, 0.70364564, 5.5191125e-12
1.4614179, 0.75777223, 2.4599143e-11
1.4614179, 0.81189882, 3.3766569e-12
1.4614179, 0.8660254, 5.5094573e-13
1.4614179, 0.92015199, 1.9952408e-13
1.4614179, 0.97427858, 3.8435654e-12
1.4614179, 1.0284052, 3.1345736e-14
1.4614179, 1.0825318, 8.3602865e-13
1.4614179, 1.1366583, 1.5512867e-13
1.4614179, 1.1907849, 1.5183987e-13
1.4614179, 1.2449115, 7.2979697e-14
1.4614179, 1.2990381, 4.73271e-14
1.4614179, 1.3531647, 1.0494874e-13
1.4614179, 1.4072913, 6.1864167e-15
1.4614179, 1.4614179, 1.1388806e-13
1.4614179, 1.5155445, 5.6888531e-15
1.4614179, 1.569671, 4.7097265e-16
1.4614179, 1.6237976, 4.9190805e-14
1.4614179, 1.6779242, 3.4601188e-14
1.4614179, 1.7320508, 1.0853219e-15
 
1.5155445, 0.054126588, 1.25016e-06
1.5155445, 0.10825318, 2.5114819e-07
1.5155445, 0.16237976, 8.830625e-08
1.5155445, 0.21650635, 1.1375167e-08
1.5155445, 0.27063294, 1.4852245e-09
1.5155445, 0.32475953, 3.7287646e-10
1.5155445, 0.37888611, 4.6890177e-11
1.5155445, 0.4330127, 1.9383236e-11
1.5155445, 0.48713929, 1.2370479e-12
1.5155445, 0.54126588, 3.7394279e-12
1.5155445, 0.59539247, 3.4567454e-12
1.5155445, 0.64951905, 7.2035496e-14
1.5155445, 0.70364564, 7.6701657e-14
1.5155445, 0.75777223, 2.9032084e-13
1.5155445, 0.81189882, 8.2199796e-14
1.5155445, 0.8660254, 8.6068444e-15
1.5155445, 0.92015199, 3.3572697e-14
1.5155445, 0.97427858, 7.7401401e-14
1.5155445, 1.0284052, 7.0195297e-16
1.5155445, 1.0825318, 1.4492244e-14
1.5155445, 1.1366583, 1.2601936e-14
1.5155445, 1.1907849, 2.6707508e-15
1.5155445, 1.2449115, 3.6068682e-15
1.5155445, 1.2990381, 3.0724082e-15
1.5155445, 1.3531647, 1.7605305e-15
1.5155445, 1.4072913, 4.1697243e-16
1.5155445, 1.4614179, 5.6888531e-15
1.5155445, 1.5155445, 1.6549655e-15
1.5155445, 1.569671, 1.4218428e-17
1.5155445, 1.6237976, 1.01822e-15
1.5155445, 1.6779242, 9.7612155e-16
1.5155445, 1.7320508, 2.3536105e-17
 
1.569671, 0.054126588, 1.9305966e-09
1.569671, 0.10825318, 3.701371e-10
1.569671, 0.16237976, 1.2693198e-10
1.569671, 0.21650635, 2.1682871e-11
1.569671, 0.27063294, 1.3335796e-11
1.569671, 0.32475953, 7.2900562e-13
1.569671, 0.37888611, 3.6676655e-14
1.569671, 0.4330127, 5.4397393e-14
1.569671, 0.48713929, 2.2349031e-16
1.569671, 0.54126588, 2.5548951e-15
1.569671, 0.59539247, 5.2661546e-15
1.569671, 0.64951905, 7.5862158e-17
1.569671, 0.70364564, 6.3767116e-17
1.569671, 0.75777223, 4.9900472e-16
1.569671, 0.81189882, 1.0307215e-16
1.569671, 0.8660254, 9.4079444e-18
1.569671, 0.92015199, 2.2126077e-17
1.569671, 0.97427858, 1.2547246e-16
1.569671, 1.0284052, 1.3058719e-17
1.569671, 1.0825318, 2.3933598e-17
1.569671, 1.1366583, 1.9952397e-17
1.569671, 1.1907849, 5.0102987e-18
1.569671, 1.2449115, 4.3380396e-18
1.569671, 1.2990381, 4.3269947e-18
1.569671, 1.3531647, 6.444661e-18
1.569671, 1.4072913, 3.1822388e-17
1.569671, 1.4614179, 4.7097265e-16
1.569671, 1.5155445, 1.4218428e-17
1.569671, 1.569671, 4.8670484e-20
1.569671, 1.6237976, 1.661479e-18
1.569671, 1.6779242, 1.5471413e-18
1.569671, 1.7320508, 6.4463179e-20
 
1.6237976, 0.054126588, 7.440394e-11
1.6237976, 0.10825318, 1.4518124e-11
1.6237976, 0.16237976, 4.9205143e-12
1.6237976, 0.21650635, 8.4144512e-13
1.6237976, 0.27063294, 6.25162e-13
1.6237976, 0.32475953, 3.8643094e-14
1.6237976, 0.37888611, 5.5786175e-16
1.6237976, 0.4330127, 1.5611907e-15
1.6237976, 0.48713929, 8.6949897e-17
1.6237976, 0.54126588, 1.2868163e-16
1.6237976, 0.59539247, 2.7363461e-16
1.6237976, 0.64951905, 4.8045288e-17
1.6237976, 0.70364564, 1.9160971e-17
1.6237976, 0.75777223, 3.0517187e-17
1.6237976, 0.81189882, 1.4725342e-17
1.6237976, 0.8660254, 8.3022126e-18
1.6237976, 0.92015199, 8.2686689e-19
1.6237976, 0.97427858, 1.6343056e-17
1.6237976, 1.0284052, 8.5265365e-18
1.6237976, 1.0825318, 3.8254491e-18
1.6237976, 1.1366583, 2.2994769e-18
1.6237976, 1.1907849, 8.0303694e-18
1.6237976, 1.2449115, 1.5778886e-18
1.6237976, 1.2990381, 3.4775855e-20
1.6237976, 1.3531647, 2.3221135e-18
1.6237976, 1.4072913, 6.0407683e-16
1.6237976, 1.4614179, 4.9190805e-14
1.6237976, 1.5155445, 1.01822e-15
1.6237976, 1.569671, 1.661479e-18
1.6237976, 1.6237976, 3.7244649e-19
1.6237976, 1.6779242, 1.0697303e-19
1.6237976, 1.7320508, 1.535966e-19
 
1.6779242, 0.054126588, 1.1918824e-11
1.6779242, 0.10825318, 2.3721055e-12
1.6779242, 0.16237976, 8.5460572e-13
1.6779242, 0.21650635, 1.6589197e-13
1.6779242, 0.27063294, 1.0490919e-13
1.6779242, 0.32475953, 8.6352022e-15
1.6779242, 0.37888611, 1.3009014e-16
1.6779242, 0.4330127, 4.3027936e-16
1.6779242, 0.48713929, 5.167186e-17
1.6779242, 0.54126588, 1.708569e-17
1.6779242, 0.59539247, 4.0372061e-17
1.6779242, 0.64951905, 7.1526323e-18
1.6779242, 0.70364564, 9.0285045e-18
1.6779242, 0.75777223, 1.2094462e-17
1.6779242, 0.81189882, 4.2868868e-18
1.6779242, 0.8660254, 3.7215372e-19
1.6779242, 0.92015199, 1.3788622e-17
1.6779242, 0.97427858, 8.0034133e-18
1.6779242, 1.0284052, 4.632236e-19
1.6779242, 1.0825318, 7.4082858e-18
1.6779242, 1.1366583, 2.1324146e-18
1.6779242, 1.1907849, 1.1848299e-18
1.6779242, 1.2449115, 6.8348759e-18
1.6779242, 1.2990381, 1.2258866e-17
1.6779242, 1.3531647, 1.2821645e-16
1.6779242, 1.4072913, 4.9128687e-16
1.6779242, 1.4614179, 3.4601188e-14
1.6779242, 1.5155445, 9.7612155e-16
1.6779242, 1.569671, 1.5471413e-18
1.6779242, 1.6237976, 1.0697303e-19
1.6779242, 1.6779242, 8.9815382e-20
1.6779242, 1.7320508, 6.6466045e-18
 
1.7320508, 0.054126588, 2.4953934e-12
1.7320508, 0.10825318, 5.0908784e-13
1.7320508, 0.16237976, 1.8179645e-13
1.7320508, 0.21650635, 3.031712e-14
1.7320508, 0.27063294, 1.9469383e-14
1.7320508, 0.32475953, 9.5405513e-16
1.7320508, 0.37888611, 2.0418109e-16
1.7320508, 0.4330127, 1.0882793e-16
1.7320508, 0.48713929, 1.5378127e-16
1.7320508, 0.54126588, 7.3178858e-17
1.7320508, 0.59539247, 7.1623899e-17
1.7320508, 0.64951905, 3.4927636e-17
1.7320508, 0.70364564, 1.9812336e-17
1.7320508, 0.75777223, 1.6649609e-17
1.7320508, 0.81189882, 2.0255413e-17
1.7320508, 0.8660254, 1.8544433e-17
1.7320508, 0.92015199, 7.072381e-18
1.7320508, 0.97427858, 3.5212616e-18
1.7320508, 1.0284052, 1.0992193e-17
1.7320508, 1.0825318, 1.008291e-18
1.7320508, 1.1366583, 5.684422e-18
1.7320508, 1.1907849, 5.3932552e-18
1.7320508, 1.2449115, 3.5267223e-19
1.7320508, 1.2990381, 1.9259031e-16
1.7320508, 1.3531647, 2.997205e-18
1.7320508, 1.4072913, 1.2359711e-17
1.7320508, 1.4614179, 1.0853219e-15
1.7320508, 1.5155445, 2.3536105e-17
1.7320508, 1.569671, 6.4463179e-20
1.7320508, 1.6237976, 1.535966e-19
1.7320508, 1.6779242, 6.6466045e-18
1.7320508, 1.7320508, 5.7308555e-15
