# 
# 
# kRn: sum[Phi,Eta,specRn] density
0.011048543, 3.6387283
0.022097087, 3.7054898
0.03314563, 6.503805
0.044194174, 8.684262
0.055242717, 4.4180355
0.066291261, 2.6105715
0.077339804, 3.459277
0.088388348, 1.811928
0.099436891, 2.5620285
0.11048543, 1.4281794
0.12153398, 1.9124184
0.13258252, 1.3246338
0.14363106, 1.7063958
0.15467961, 1.7447989
0.16572815, 1.7437315
0.1767767, 1.9561471
0.18782524, 1.4917896
0.19887378, 1.4191932
0.20992233, 1.1111104
0.22097087, 0.64241544
0.23201941, 0.33028254
0.24306796, 0.10315888
0.2541165, 0.019098892
0.26516504, 0.052551264
0.27621359, 0.13751618
0.28726213, 0.24186931
0.29831067, 0.3030847
0.30935922, 0.29913036
0.32040776, 0.30174596
0.3314563, 0.34041792
0.34250485, 0.41966564
0.35355339, 0.3945069
0.36460193, 0.21862951
0.37565048, 0.058279305
0.38669902, 0.066544075
0.39774756, 0.18768109
0.40879611, 0.32039775
0.41984465, 0.27343395
0.43089319, 0.1669301
0.44194174, 0.20580305
0.45299028, 0.26275689
0.46403883, 0.3592403
0.47508737, 0.4716486
0.48613591, 0.4495642
0.49718446, 0.40991729
0.508233, 0.44368785
0.51928154, 0.38773509
0.53033009, 0.19580716
0.54137863, 0.024963146
0.55242717, 0.023521783
0.56347572, 0.079902027
0.57452426, 0.1258305
0.5855728, 0.14668585
0.59662135, 0.12990102
0.60766989, 0.042323976
0.61871843, 0.029358878
0.62976698, 0.068078404
0.64081552, 0.077501036
0.65186406, 0.14284673
0.66291261, 0.18714698
0.67396115, 0.17072854
0.68500969, 0.12420484
0.69605824, 0.11553708
0.70710678, 0.10941475
0.71815532, 0.027546371
0.72920387, 0.0055089062
0.74025241, 0.02798258
0.75130096, 0.040973902
0.7623495, 0.049624312
0.77339804, 0.01935629
0.78444659, 0.01531788
0.79549513, 0.042607257
0.80654367, 0.032743363
0.81759222, 0.040992439
0.82864076, 0.076052113
0.8396893, 0.079134272
0.85073785, 0.063797009
0.86178639, 0.032098514
0.87283493, 0.0028967715
0.88388348, 0.038427724
0.89493202, 0.044128547
0.90598056, 0.02370962
0.91702911, 0.0080033031
0.92807765, 0.036993001
0.93912619, 0.034077928
0.95017474, 0.062841471
0.96122328, 0.086797688
0.97227182, 0.078865068
0.98332037, 0.037472338
0.99436891, 0.0021900856
1.0054175, 0.019251977
1.016466, 0.022994421
1.0275145, 0.0090760111
1.0385631, 0.0080104612
1.0496116, 0.015626946
1.0606602, 0.022400768
1.0717087, 0.037030376
1.0827573, 0.034902669
1.0938058, 0.016745434
1.1048543, 0.001322259
1.1159029, 0.0092993222
1.1269514, 0.0095924386
1.138, 0.0027352534
1.1490485, 0.0073529405
1.1600971, 0.0063545084
1.1711456, 0.013463182
1.1821941, 0.017601299
1.1932427, 0.0099819752
1.2042912, 0.0011821666
1.2153398, 0.0056509951
1.2263883, 0.0063758337
1.2374369, 0.0015416192
1.2484854, 0.0070151253
1.259534, 0.0041152994
1.2705825, 0.013892198
1.281631, 0.01012646
1.2926796, 0.0027543008
1.3037281, 0.002458117
1.3147767, 0.0059592586
1.3258252, 0.001228375
1.3368738, 0.005976873
1.3479223, 0.0043410711
1.3589708, 0.011747011
1.3700194, 0.0074440322
1.3810679, 0.00090390078
1.3921165, 0.0029928396
1.403165, 0.0031501303
1.4142136, 0.0015281721
1.4252621, 0.0039544462
1.4363106, 0.006326523
1.4473592, 0.0069954357
1.4584077, 0.0019747936
1.4694563, 0.00097663176
1.4805048, 0.0022799325
1.4915534, 0.00062089608
1.5026019, 0.002608668
1.5136505, 0.004059088
1.524699, 0.0048261988
1.5357475, 0.0012645512
1.5467961, 0.00074782427
1.5578446, 0.0012002379
1.5688932, 0.00052205782
1.5799417, 0.0014002426
1.5909903, 0.0027190228
1.6020388, 0.0019604233
1.6130873, 0.00021915395
1.6241359, 0.00059777875
1.6351844, 0.00032740514
1.646233, 0.00060290342
1.6572815, 0.0011624237
1.6683301, 0.0015814193
1.6793786, 0.00056871611
1.6904271, 0.00028747203
1.7014757, 0.0003343755
1.7125242, 0.00027519211
1.7235728, 0.0004924467
1.7346213, 0.00081798706
1.7456699, 0.00039060939
1.7567184, 0.00019877194
1.767767, 0.00024663065
1.7788155, 0.00017629854
1.789864, 0.00030282931
1.8009126, 0.00046536838
1.8119611, 0.00019930249
1.8230097, 0.00014300351
1.8340582, 0.00018109265
1.8451068, 0.00010765368
1.8561553, 0.00023143873
1.8672038, 0.00025859147
1.8782524, 9.4043164e-05
1.8893009, 0.0001417495
1.9003495, 0.00010680438
1.911398, 7.816691e-05
1.9224466, 0.0001820886
1.9334951, 0.00010695771
1.9445436, 8.5260101e-05
1.9555922, 0.00015051476
1.9666407, 5.3563529e-05
1.9776893, 0.00012281617
1.9887378, 0.00011028445
1.9997864, 6.4687973e-05
2.0108349, 0.00015077195
2.0218835, 6.5327447e-05
2.032932, 8.7020383e-05
2.0439805, 0.00012024675
2.0550291, 5.1460962e-05
2.0660776, 0.00011268845
2.0771262, 6.7631152e-05
2.0881747, 6.4018427e-05
2.0992233, 0.00012100452
2.1102718, 4.6894606e-05
2.1213203, 0.00011400825
2.1323689, 5.8910958e-05
2.1434174, 6.2829266e-05
2.154466, 0.00010779605
2.1655145, 4.7365039e-05
2.1765631, 0.0001146371
2.1876116, 4.5102859e-05
2.1986601, 7.250977e-05
2.2097087, 8.47038e-05
2.2207572, 6.9827601e-05
2.2318058, 8.8101612e-05
2.2428543, 2.3320077e-05
2.2539029, 7.452435e-05
2.2649514, 3.6107305e-05
2.276, 6.7369959e-05
2.2870485, 5.123241e-05
2.298097, 2.3995707e-05
2.3091456, 4.0186966e-05
2.3201941, 3.3530952e-05
2.3312427, 6.7396223e-05
2.3422912, 1.5543419e-05
2.3533398, 2.0845396e-05
2.3643883, 1.6593893e-05
2.3754368, 4.5520914e-05
2.3864854, 2.4850603e-05
2.3975339, 1.2432919e-05
2.4085825, 1.9718551e-05
2.419631, 3.3967294e-05
2.4306796, 2.5653095e-05
2.4417281, 1.0149562e-05
2.4527766, 1.5020494e-05
2.4638252, 1.4946954e-05
2.4748737, 2.9739142e-05
2.4859223, 8.9153389e-06
2.4969708, 2.0936933e-05
2.5080194, 5.8995664e-06
2.5190679, 3.38454e-05
2.5301165, 7.4304833e-06
2.541165, 1.5333152e-05
2.5522135, 7.1375576e-06
2.5632621, 2.4243023e-05
2.5743106, 7.107963e-06
2.5853592, 1.0223825e-05
2.5964077, 9.5460196e-06
2.6074563, 1.7967919e-05
2.6185048, 4.7239324e-06
2.6295533, 1.5536331e-05
2.6406019, 7.9394354e-06
2.6516504, 2.014724e-05
2.662699, 2.9037489e-06
2.6737475, 1.1777195e-05
2.6847961, 6.4702647e-06
2.6958446, 1.6497855e-05
2.7068931, 6.1115087e-06
2.7179417, 5.4462836e-06
2.7289902, 3.9990829e-06
2.7400388, 1.2836282e-05
2.7510873, 5.1447536e-06
2.7621359, 7.6824255e-06
2.7731844, 3.2725181e-06
2.784233, 8.201768e-06
2.7952815, 3.3906885e-06
2.80633, 6.9490647e-06
2.8173786, 4.695863e-06
2.8284271, 3.4932298e-06
