# Ovr(Phi1.Eta1.Phi2.Eta2.Rn1.Rn2.Rn1.Rn2)
# H0
#      Time         CPU<Ovr(Phi1.Eta1.Phi2.Eta2.Rn1.Rn2.Rn1.Rn2)>                <H0>
      -82.6827466727           0                   1      -2.90181024128
      -76.3503701049       26.34      0.999999488133      -2.90180875323
      -72.7503701049        39.9      0.999999196794      -2.90180788919
      -70.0179935372        52.7      0.999998976266      -2.90180718658
      -63.6856169694       78.89      0.999998464399      -2.90180517363
      -62.8856169694       81.81      0.999998399657      -2.90180493554
      -57.3532404016       104.8      0.999997952525      -2.90180186003
      -52.9532404016       121.7      0.999997596196      -2.90179819287
      -51.0208638339       130.7      0.999997439697      -2.90179586002
      -44.6884872661       156.7      0.999996900984      -2.90178535032
      -43.0884872661       161.6      0.999996747079      -2.90178174176
      -38.3561106983       182.6       0.99999618462        -2.901768225
      -33.1561106983       203.6      0.999995202086      -2.90174917542
      -32.0237341305       208.6      0.999994907031       -2.9017423816
      -25.6913575628         235      0.999992411401      -2.90170611293
      -23.2913575628       247.5      0.999990969421      -2.90169257356
       -19.358980995       270.1      0.999987816514      -2.90165846295
       -13.358980995       301.4       0.99998063335      -2.90160400938
      -13.0266044272       304.1      0.999980138663      -2.90159946926
      -6.69422785947         338      0.999968465811      -2.90153031804
      -3.49422785947       353.2      0.999960829693      -2.90149230011
     -0.361851291705       371.9      0.999952164575      -2.90145336613
       5.97052527606       405.8      0.999931064205      -2.90137192358
       6.37052527606       407.1      0.999929575981      -2.90136954926
       12.3029018438       439.6      0.999905552071      -2.90128980294
       16.3029018438         459      0.999887567202      -2.90124319992
       18.6352784116       473.5      0.999876568503      -2.90121081267
       24.9676549794       507.3      0.999845519883      -2.90113834084
       26.1676549794       512.9      0.999839541081      -2.90112667802
       31.3000315471       541.5      0.999814112414      -2.90107499433
       36.1000315471       566.8      0.999791152652      -2.90103408237
       37.6324081149       576.5      0.999784111771      -2.90102229652
       43.9647846827       611.6      0.999757075025      -2.90098059154
       45.9647846827       620.6      0.999749348072      -2.90097013773
       50.2971612504       645.5      0.999734140467      -2.90094920439
       55.8971612504       672.6      0.999717776156      -2.90092920554
       56.6295378182       677.6      0.999715916288      -2.90092674442
        62.961914386       708.9      0.999702448523      -2.90091143485
        65.761914386       722.4      0.999697904683      -2.90090647823
       69.2942909538       740.2      0.999693273998      -2.90090142903
       75.6266675215       770.8      0.999687568553      -2.90089508476
       81.9590440893       799.6      0.999684350799      -2.90089111282
       82.6827466727         803      0.999684098171       -2.9008907657
       85.4827466727       810.1      0.999683284084      -2.90088956914
       89.0151232404       819.7      0.999682551264      -2.90088833063
       95.3474998082       836.5      0.999681725696      -2.90088655724
       101.679876376       852.7      0.999681160003      -2.90088502227
       105.279876376       859.9      0.999680866056      -2.90088417443
       108.012252944       868.8      0.999680645309      -2.90088353438
       114.344629511         885      0.999680133514       -2.9008820494
       115.144629511       885.8      0.999680068791      -2.90088186159
       120.677006079       900.4      0.999679621806      -2.90088056452
       125.077006079       909.7      0.999679265838      -2.90087953157
       127.009382647       915.8      0.999679110101      -2.90087907966
       133.341759215       930.9      0.999678598397      -2.90087759479
       134.941759215       933.6      0.999678468954      -2.90087721917
       139.674135783       945.8      0.999678086693      -2.90087610992
       144.874135783       957.6      0.999677666006      -2.90087488917
        146.00651235       960.6      0.999677574991      -2.90087462506
       152.338888918       975.4      0.999677063289       -2.9008731402
       154.738888918       979.5      0.999676869125      -2.90087257677
       158.671265486       990.2      0.999676551586      -2.90087165534
       164.671265486        1003      0.999676066179      -2.90087024678
       165.003642054        1005      0.999676039884      -2.90087017047
       171.336018621        1020      0.999675528183      -2.90086868561
       174.536018621        1027      0.999675269299      -2.90086793438
       177.668395189        1035      0.999675016482      -2.90086720075
       184.000771757        1050      0.999674504781       -2.9008657159
       184.400771757        1050       0.99967447242      -2.90086562199
       190.333148325        1064       0.99967399308      -2.90086423104
       194.333148325        1073      0.999673669476        -2.900863292
       196.665524892        1079      0.999673481379      -2.90086274618
        202.99790146        1094      0.999672969679      -2.90086126132
        204.19790146        1095      0.999672872598      -2.90086097961
       209.330278028        1109      0.999672457979      -2.90085977647
       214.130278028        1119      0.999672069655      -2.90085864962
       215.662654596        1124      0.999671946279      -2.90085829161
       221.995031164        1139       0.99967143458      -2.90085680676
       223.995031164        1143      0.999671272778      -2.90085633724
       228.327407731        1154      0.999670922881       -2.9008553219
       233.927407731        1167      0.999670469836      -2.90085400725
       234.659784299        1169      0.999670411182      -2.90085383705
       240.992160867        1184      0.999669899483       -2.9008523522
       243.792160867        1191      0.999669672961      -2.90085169487
       247.324537435        1199      0.999669387785      -2.90085086735
       253.656914002        1214      0.999668876087       -2.9008493825
        259.98929057        1229      0.999668364389      -2.90084789765
        263.58929057        1236      0.999668073147      -2.90084705252
       266.321667138        1244      0.999667852691       -2.9008464128
       272.654043706        1259      0.999667340994      -2.90084492795
       273.454043706        1260      0.999667276273      -2.90084474014
       278.986420273        1273      0.999666829297       -2.9008434431
       283.386420273        1282      0.999666473335      -2.90084241017
       285.318796841        1288        0.9996663176      -2.90084195825
       289.389613354        1298      0.999665989279      -2.90084100553
