# 
# 
# kRn1, kRn2: sum[Phi1,Eta1,Phi2,Eta2,specRn1,specRn2] density
0.054126588, 0.054126588, 1.2725679e-10
0.054126588, 0.10825318, 4.3952173e-11
0.054126588, 0.16237976, 1.5132259e-11
0.054126588, 0.21650635, 2.3078536e-12
0.054126588, 0.27063294, 2.6175472e-12
0.054126588, 0.32475953, 1.6225194e-12
0.054126588, 0.37888611, 3.3257032e-13
0.054126588, 0.4330127, 2.3870012e-12
0.054126588, 0.48713929, 2.4636252e-12
0.054126588, 0.54126588, 3.1883699e-13
0.054126588, 0.59539247, 8.1845118e-13
0.054126588, 0.64951905, 1.1823292e-12
0.054126588, 0.70364564, 1.0983374e-12
0.054126588, 0.75777223, 6.5097081e-13
0.054126588, 0.81189882, 4.3291585e-13
0.054126588, 0.8660254, 3.9363531e-13
0.054126588, 0.92015199, 6.4719691e-13
0.054126588, 0.97427858, 8.8480187e-13
0.054126588, 1.0284052, 1.247851e-12
0.054126588, 1.0825318, 2.2626783e-12
0.054126588, 1.1366583, 4.417292e-12
0.054126588, 1.1907849, 1.0133733e-11
0.054126588, 1.2449115, 3.0097384e-11
0.054126588, 1.2990381, 1.2541531e-10
0.054126588, 1.3531647, 9.7949979e-10
0.054126588, 1.4072913, 5.7663683e-07
0.054126588, 1.4614179, 5.7502117e-05
0.054126588, 1.5155445, 1.25016e-06
0.054126588, 1.569671, 1.9305966e-09
0.054126588, 1.6237976, 7.440394e-11
0.054126588, 1.6779242, 1.1918824e-11
0.054126588, 1.7320508, 2.4953937e-12
 
0.10825318, 0.054126588, 4.3952173e-11
0.10825318, 0.10825318, 9.5547749e-12
0.10825318, 0.16237976, 5.3733815e-12
0.10825318, 0.21650635, 3.0766875e-13
0.10825318, 0.27063294, 1.1528732e-12
0.10825318, 0.32475953, 5.1832696e-13
0.10825318, 0.37888611, 1.7026818e-13
0.10825318, 0.4330127, 4.6215035e-13
0.10825318, 0.48713929, 6.4108514e-13
0.10825318, 0.54126588, 1.1788237e-13
0.10825318, 0.59539247, 8.96945e-14
0.10825318, 0.64951905, 1.4880339e-13
0.10825318, 0.70364564, 1.7183346e-13
0.10825318, 0.75777223, 1.1312843e-13
0.10825318, 0.81189882, 7.0556861e-14
0.10825318, 0.8660254, 8.1291765e-14
0.10825318, 0.92015199, 1.3742785e-13
0.10825318, 0.97427858, 1.7715679e-13
0.10825318, 1.0284052, 2.5685529e-13
0.10825318, 1.0825318, 4.5509744e-13
0.10825318, 1.1366583, 8.8543224e-13
0.10825318, 1.1907849, 2.0472115e-12
0.10825318, 1.2449115, 6.0164544e-12
0.10825318, 1.2990381, 2.5247717e-11
0.10825318, 1.3531647, 1.9805375e-10
0.10825318, 1.4072913, 1.2568319e-07
0.10825318, 1.4614179, 1.2917273e-05
0.10825318, 1.5155445, 2.5114819e-07
0.10825318, 1.569671, 3.701371e-10
0.10825318, 1.6237976, 1.4518124e-11
0.10825318, 1.6779242, 2.3721055e-12
0.10825318, 1.7320508, 5.0908787e-13
 
0.16237976, 0.054126588, 1.5132259e-11
0.16237976, 0.10825318, 5.3733815e-12
0.16237976, 0.16237976, 1.6952835e-12
0.16237976, 0.21650635, 1.7937293e-13
0.16237976, 0.27063294, 1.1002415e-12
0.16237976, 0.32475953, 1.1437069e-13
0.16237976, 0.37888611, 2.610293e-13
0.16237976, 0.4330127, 4.8854232e-14
0.16237976, 0.48713929, 2.8004532e-13
0.16237976, 0.54126588, 1.3987161e-13
0.16237976, 0.59539247, 2.4632798e-14
0.16237976, 0.64951905, 1.6616638e-14
0.16237976, 0.70364564, 2.5525885e-14
0.16237976, 0.75777223, 2.1239066e-14
0.16237976, 0.81189882, 2.6552795e-14
0.16237976, 0.8660254, 4.0221645e-14
0.16237976, 0.92015199, 4.9104866e-14
0.16237976, 0.97427858, 5.8783334e-14
0.16237976, 1.0284052, 9.8936578e-14
0.16237976, 1.0825318, 1.6155584e-13
0.16237976, 1.1366583, 3.2086977e-13
0.16237976, 1.1907849, 7.4684899e-13
0.16237976, 1.2449115, 2.1430154e-12
0.16237976, 1.2990381, 8.9482706e-12
0.16237976, 1.3531647, 7.0397671e-11
0.16237976, 1.4072913, 7.4321079e-08
0.16237976, 1.4614179, 5.8612732e-06
0.16237976, 1.5155445, 8.830625e-08
0.16237976, 1.569671, 1.2693198e-10
0.16237976, 1.6237976, 4.9205143e-12
0.16237976, 1.6779242, 8.5460569e-13
0.16237976, 1.7320508, 1.8179646e-13
 
0.21650635, 0.054126588, 2.3078536e-12
0.21650635, 0.10825318, 3.0766875e-13
0.21650635, 0.16237976, 1.7937293e-13
0.21650635, 0.21650635, 7.5969023e-13
0.21650635, 0.27063294, 4.6442034e-13
0.21650635, 0.32475953, 1.0422985e-13
0.21650635, 0.37888611, 2.0987535e-13
0.21650635, 0.4330127, 1.4514851e-13
0.21650635, 0.48713929, 1.6366641e-14
0.21650635, 0.54126588, 1.259835e-13
0.21650635, 0.59539247, 1.2813612e-13
0.21650635, 0.64951905, 8.6600872e-14
0.21650635, 0.70364564, 5.7796922e-14
0.21650635, 0.75777223, 4.7616554e-14
0.21650635, 0.81189882, 4.3910122e-14
0.21650635, 0.8660254, 2.5663182e-14
0.21650635, 0.92015199, 8.3275144e-15
0.21650635, 0.97427858, 2.0243784e-14
0.21650635, 1.0284052, 2.3637027e-14
0.21650635, 1.0825318, 3.3826348e-14
0.21650635, 1.1366583, 6.3342631e-14
0.21650635, 1.1907849, 1.5587755e-13
0.21650635, 1.2449115, 4.1881059e-13
0.21650635, 1.2990381, 1.7259252e-12
0.21650635, 1.3531647, 1.7001393e-11
0.21650635, 1.4072913, 1.3251687e-07
0.21650635, 1.4614179, 2.6856797e-06
0.21650635, 1.5155445, 1.1375167e-08
0.21650635, 1.569671, 2.1682871e-11
0.21650635, 1.6237976, 8.4144512e-13
0.21650635, 1.6779242, 1.6589198e-13
0.21650635, 1.7320508, 3.0317119e-14
 
0.27063294, 0.054126588, 2.6175472e-12
0.27063294, 0.10825318, 1.1528732e-12
0.27063294, 0.16237976, 1.1002415e-12
0.27063294, 0.21650635, 4.6442034e-13
0.27063294, 0.27063294, 5.9240566e-14
0.27063294, 0.32475953, 4.2300684e-13
0.27063294, 0.37888611, 1.9201413e-15
0.27063294, 0.4330127, 2.2125317e-13
0.27063294, 0.48713929, 7.353206e-14
0.27063294, 0.54126588, 4.2676461e-15
0.27063294, 0.59539247, 5.39094e-14
0.27063294, 0.64951905, 7.8787423e-14
0.27063294, 0.70364564, 6.1849174e-14
0.27063294, 0.75777223, 4.35666e-14
0.27063294, 0.81189882, 1.7808008e-14
0.27063294, 0.8660254, 3.6836585e-15
0.27063294, 0.92015199, 1.3223229e-14
0.27063294, 0.97427858, 1.8251474e-14
0.27063294, 1.0284052, 1.078107e-14
0.27063294, 1.0825318, 2.6515122e-14
0.27063294, 1.1366583, 3.9504233e-14
0.27063294, 1.1907849, 9.3873522e-14
0.27063294, 1.2449115, 2.9869616e-13
0.27063294, 1.2990381, 1.3036226e-12
0.27063294, 1.3531647, 8.9049379e-12
0.27063294, 1.4072913, 3.6111576e-07
0.27063294, 1.4614179, 1.8424573e-06
0.27063294, 1.5155445, 1.4852245e-09
0.27063294, 1.569671, 1.3335796e-11
0.27063294, 1.6237976, 6.25162e-13
0.27063294, 1.6779242, 1.0490919e-13
0.27063294, 1.7320508, 1.9469382e-14
 
0.32475953, 0.054126588, 1.6225194e-12
0.32475953, 0.10825318, 5.1832696e-13
0.32475953, 0.16237976, 1.1437069e-13
0.32475953, 0.21650635, 1.0422985e-13
0.32475953, 0.27063294, 4.2300684e-13
0.32475953, 0.32475953, 3.3713756e-14
0.32475953, 0.37888611, 1.9366472e-13
0.32475953, 0.4330127, 1.2557456e-15
0.32475953, 0.48713929, 9.2555892e-14
0.32475953, 0.54126588, 7.9905441e-14
0.32475953, 0.59539247, 2.205558e-14
0.32475953, 0.64951905, 2.8839676e-15
0.32475953, 0.70364564, 7.6828183e-16
0.32475953, 0.75777223, 1.9527268e-15
0.32475953, 0.81189882, 8.0737673e-15
0.32475953, 0.8660254, 1.577e-14
0.32475953, 0.92015199, 1.1373016e-14
0.32475953, 0.97427858, 5.0488498e-16
0.32475953, 1.0284052, 6.8005096e-15
0.32475953, 1.0825318, 1.6728691e-15
0.32475953, 1.1366583, 6.0639169e-15
0.32475953, 1.1907849, 7.3463021e-15
0.32475953, 1.2449115, 3.1439125e-14
0.32475953, 1.2990381, 3.0119291e-13
0.32475953, 1.3531647, 2.024332e-10
0.32475953, 1.4072913, 3.6068499e-07
0.32475953, 1.4614179, 6.558444e-07
0.32475953, 1.5155445, 3.7287646e-10
0.32475953, 1.569671, 7.2900562e-13
0.32475953, 1.6237976, 3.8643097e-14
0.32475953, 1.6779242, 8.6352014e-15
0.32475953, 1.7320508, 9.5405478e-16
 
0.37888611, 0.054126588, 3.3257032e-13
0.37888611, 0.10825318, 1.7026818e-13
0.37888611, 0.16237976, 2.610293e-13
0.37888611, 0.21650635, 2.0987535e-13
0.37888611, 0.27063294, 1.9201413e-15
0.37888611, 0.32475953, 1.9366472e-13
0.37888611, 0.37888611, 6.6820013e-15
0.37888611, 0.4330127, 1.252238e-13
0.37888611, 0.48713929, 1.8672403e-14
0.37888611, 0.54126588, 7.1884509e-15
0.37888611, 0.59539247, 3.153853e-14
0.37888611, 0.64951905, 3.5286204e-14
0.37888611, 0.70364564, 2.7393812e-14
0.37888611, 0.75777223, 1.990526e-14
0.37888611, 0.81189882, 1.0114733e-14
0.37888611, 0.8660254, 1.0183897e-15
0.37888611, 0.92015199, 2.7983131e-15
0.37888611, 0.97427858, 6.9520367e-15
0.37888611, 1.0284052, 1.2385492e-16
0.37888611, 1.0825318, 3.48042e-15
0.37888611, 1.1366583, 1.0689673e-16
0.37888611, 1.1907849, 1.843095e-15
0.37888611, 1.2449115, 3.6437305e-15
0.37888611, 1.2990381, 1.7183484e-15
0.37888611, 1.3531647, 2.76986e-09
0.37888611, 1.4072913, 3.0141859e-07
0.37888611, 1.4614179, 4.3190977e-08
0.37888611, 1.5155445, 4.6890177e-11
0.37888611, 1.569671, 3.6676655e-14
0.37888611, 1.6237976, 5.5786181e-16
0.37888611, 1.6779242, 1.3009021e-16
0.37888611, 1.7320508, 2.0418114e-16
 
0.4330127, 0.054126588, 2.3870012e-12
0.4330127, 0.10825318, 4.6215035e-13
0.4330127, 0.16237976, 4.8854232e-14
0.4330127, 0.21650635, 1.4514851e-13
0.4330127, 0.27063294, 2.2125317e-13
0.4330127, 0.32475953, 1.2557456e-15
0.4330127, 0.37888611, 1.252238e-13
0.4330127, 0.4330127, 5.5540656e-15
0.4330127, 0.48713929, 4.1420359e-14
0.4330127, 0.54126588, 5.5929142e-14
0.4330127, 0.59539247, 2.4489859e-14
0.4330127, 0.64951905, 7.5938813e-15
0.4330127, 0.70364564, 3.6400356e-15
0.4330127, 0.75777223, 4.7446499e-15
0.4330127, 0.81189882, 8.6273628e-15
0.4330127, 0.8660254, 1.0560384e-14
0.4330127, 0.92015199, 4.363707e-15
0.4330127, 0.97427858, 5.0312741e-16
0.4330127, 1.0284052, 4.4866451e-15
0.4330127, 1.0825318, 9.9819982e-17
0.4330127, 1.1366583, 2.1223852e-15
0.4330127, 1.1907849, 9.8812392e-16
0.4330127, 1.2449115, 9.7740965e-15
0.4330127, 1.2990381, 2.1422937e-12
0.4330127, 1.3531647, 2.0831074e-08
0.4330127, 1.4072913, 2.1569565e-07
0.4330127, 1.4614179, 2.2512574e-09
0.4330127, 1.5155445, 1.9383236e-11
0.4330127, 1.569671, 5.4397392e-14
0.4330127, 1.6237976, 1.5611911e-15
0.4330127, 1.6779242, 4.3027943e-16
0.4330127, 1.7320508, 1.0882789e-16
 
0.48713929, 0.054126588, 2.4636252e-12
0.48713929, 0.10825318, 6.4108514e-13
0.48713929, 0.16237976, 2.8004532e-13
0.48713929, 0.21650635, 1.6366641e-14
0.48713929, 0.27063294, 7.353206e-14
0.48713929, 0.32475953, 9.2555892e-14
0.48713929, 0.37888611, 1.8672403e-14
0.48713929, 0.4330127, 4.1420359e-14
0.48713929, 0.48713929, 4.3850259e-14
0.48713929, 0.54126588, 4.9896915e-15
0.48713929, 0.59539247, 1.5246544e-15
0.48713929, 0.64951905, 7.1068625e-15
0.48713929, 0.70364564, 7.0788049e-15
0.48713929, 0.75777223, 3.874188e-15
0.48713929, 0.81189882, 3.7866541e-16
0.48713929, 0.8660254, 1.0966592e-15
0.48713929, 0.92015199, 4.7516131e-15
0.48713929, 0.97427858, 1.9482211e-15
0.48713929, 1.0284052, 8.5744019e-16
0.48713929, 1.0825318, 1.5695525e-15
0.48713929, 1.1366583, 8.2840604e-16
0.48713929, 1.1907849, 8.9301615e-16
0.48713929, 1.2449115, 4.4221048e-14
0.48713929, 1.2990381, 1.3680107e-11
0.48713929, 1.3531647, 5.1726301e-08
0.48713929, 1.4072913, 5.5363371e-08
0.48713929, 1.4614179, 9.6916332e-11
0.48713929, 1.5155445, 1.2370479e-12
0.48713929, 1.569671, 2.234902e-16
0.48713929, 1.6237976, 8.6949822e-17
0.48713929, 1.6779242, 5.1671881e-17
0.48713929, 1.7320508, 1.5378129e-16
 
0.54126588, 0.054126588, 3.1883699e-13
0.54126588, 0.10825318, 1.1788237e-13
0.54126588, 0.16237976, 1.3987161e-13
0.54126588, 0.21650635, 1.259835e-13
0.54126588, 0.27063294, 4.2676461e-15
0.54126588, 0.32475953, 7.9905441e-14
0.54126588, 0.37888611, 7.1884509e-15
0.54126588, 0.4330127, 5.5929142e-14
0.54126588, 0.48713929, 4.9896915e-15
0.54126588, 0.54126588, 6.1661485e-15
0.54126588, 0.59539247, 1.7596137e-14
0.54126588, 0.64951905, 1.8153386e-14
0.54126588, 0.70364564, 1.4284438e-14
0.54126588, 0.75777223, 1.1235745e-14
0.54126588, 0.81189882, 6.2381301e-15
0.54126588, 0.8660254, 1.0706329e-15
0.54126588, 0.92015199, 7.289427e-16
0.54126588, 0.97427858, 3.3383031e-15
0.54126588, 1.0284052, 2.1586094e-16
0.54126588, 1.0825318, 1.8261198e-15
0.54126588, 1.1366583, 1.4059236e-16
0.54126588, 1.1907849, 4.9831207e-15
0.54126588, 1.2449115, 6.9576916e-14
0.54126588, 1.2990381, 1.6458062e-09
0.54126588, 1.3531647, 7.9380303e-08
0.54126588, 1.4072913, 5.8922081e-09
0.54126588, 1.4614179, 3.2121975e-12
0.54126588, 1.5155445, 3.7394279e-12
0.54126588, 1.569671, 2.5548954e-15
0.54126588, 1.6237976, 1.2868178e-16
0.54126588, 1.6779242, 1.7085644e-17
0.54126588, 1.7320508, 7.3178885e-17
 
0.59539247, 0.054126588, 8.1845118e-13
0.59539247, 0.10825318, 8.96945e-14
0.59539247, 0.16237976, 2.4632798e-14
0.59539247, 0.21650635, 1.2813612e-13
0.59539247, 0.27063294, 5.39094e-14
0.59539247, 0.32475953, 2.205558e-14
0.59539247, 0.37888611, 3.153853e-14
0.59539247, 0.4330127, 2.4489859e-14
0.59539247, 0.48713929, 1.5246544e-15
0.59539247, 0.54126588, 1.7596137e-14
0.59539247, 0.59539247, 1.6496605e-14
0.59539247, 0.64951905, 1.046828e-14
0.59539247, 0.70364564, 6.9032819e-15
0.59539247, 0.75777223, 6.4669749e-15
0.59539247, 0.81189882, 5.7135319e-15
0.59539247, 0.8660254, 3.2942216e-15
0.59539247, 0.92015199, 1.0137006e-16
0.59539247, 0.97427858, 1.4594372e-15
0.59539247, 1.0284052, 1.0441254e-15
0.59539247, 1.0825318, 5.4731359e-16
0.59539247, 1.1366583, 8.5186155e-16
0.59539247, 1.1907849, 8.5937657e-15
0.59539247, 1.2449115, 2.9357084e-14
0.59539247, 1.2990381, 1.4981363e-08
0.59539247, 1.3531647, 4.2767261e-08
0.59539247, 1.4072913, 4.3702284e-11
0.59539247, 1.4614179, 3.1154284e-10
0.59539247, 1.5155445, 3.4567454e-12
0.59539247, 1.569671, 5.2661546e-15
0.59539247, 1.6237976, 2.7363467e-16
0.59539247, 1.6779242, 4.0372072e-17
0.59539247, 1.7320508, 7.1623904e-17
 
0.64951905, 0.054126588, 1.1823292e-12
0.64951905, 0.10825318, 1.4880339e-13
0.64951905, 0.16237976, 1.6616638e-14
0.64951905, 0.21650635, 8.6600872e-14
0.64951905, 0.27063294, 7.8787423e-14
0.64951905, 0.32475953, 2.8839676e-15
0.64951905, 0.37888611, 3.5286204e-14
0.64951905, 0.4330127, 7.5938813e-15
0.64951905, 0.48713929, 7.1068625e-15
0.64951905, 0.54126588, 1.8153386e-14
0.64951905, 0.59539247, 1.046828e-14
0.64951905, 0.64951905, 4.7803688e-15
0.64951905, 0.70364564, 2.6909083e-15
0.64951905, 0.75777223, 3.0206929e-15
0.64951905, 0.81189882, 3.7772489e-15
0.64951905, 0.8660254, 3.5772848e-15
0.64951905, 0.92015199, 6.8063076e-16
0.64951905, 0.97427858, 5.2795668e-16
0.64951905, 1.0284052, 1.3029908e-15
0.64951905, 1.0825318, 1.4391246e-16
0.64951905, 1.1366583, 3.5365521e-15
0.64951905, 1.1907849, 2.5959854e-14
0.64951905, 1.2449115, 5.8211597e-10
0.64951905, 1.2990381, 3.9913266e-08
0.64951905, 1.3531647, 6.5036893e-09
0.64951905, 1.4072913, 1.3156318e-12
0.64951905, 1.4614179, 7.3307647e-12
0.64951905, 1.5155445, 7.2035496e-14
0.64951905, 1.569671, 7.5862123e-17
0.64951905, 1.6237976, 4.8045321e-17
0.64951905, 1.6779242, 7.1526575e-18
0.64951905, 1.7320508, 3.492765e-17
 
0.70364564, 0.054126588, 1.0983374e-12
0.70364564, 0.10825318, 1.7183346e-13
0.70364564, 0.16237976, 2.5525885e-14
0.70364564, 0.21650635, 5.7796922e-14
0.70364564, 0.27063294, 6.1849174e-14
0.70364564, 0.32475953, 7.6828183e-16
0.70364564, 0.37888611, 2.7393812e-14
0.70364564, 0.4330127, 3.6400356e-15
0.70364564, 0.48713929, 7.0788049e-15
0.70364564, 0.54126588, 1.4284438e-14
0.70364564, 0.59539247, 6.9032819e-15
0.70364564, 0.64951905, 2.6909083e-15
0.70364564, 0.70364564, 1.3478266e-15
0.70364564, 0.75777223, 1.5883397e-15
0.70364564, 0.81189882, 2.3005317e-15
0.70364564, 0.8660254, 2.6621667e-15
0.70364564, 0.92015199, 7.0649387e-16
0.70364564, 0.97427858, 2.68528e-16
0.70364564, 1.0284052, 1.053693e-15
0.70364564, 1.0825318, 2.1220662e-16
0.70364564, 1.1366583, 1.8661175e-14
0.70364564, 1.1907849, 3.8752739e-13
0.70364564, 1.2449115, 1.0113799e-08
0.70364564, 1.2990381, 2.4448253e-08
0.70364564, 1.3531647, 6.2325579e-11
0.70364564, 1.4072913, 5.0494947e-14
0.70364564, 1.4614179, 5.5191125e-12
0.70364564, 1.5155445, 7.6701656e-14
0.70364564, 1.569671, 6.3767158e-17
0.70364564, 1.6237976, 1.9160982e-17
0.70364564, 1.6779242, 9.0284975e-18
0.70364564, 1.7320508, 1.981235e-17
 
0.75777223, 0.054126588, 6.5097081e-13
0.75777223, 0.10825318, 1.1312843e-13
0.75777223, 0.16237976, 2.1239066e-14
0.75777223, 0.21650635, 4.7616554e-14
0.75777223, 0.27063294, 4.35666e-14
0.75777223, 0.32475953, 1.9527268e-15
0.75777223, 0.37888611, 1.990526e-14
0.75777223, 0.4330127, 4.7446499e-15
0.75777223, 0.48713929, 3.874188e-15
0.75777223, 0.54126588, 1.1235745e-14
0.75777223, 0.59539247, 6.4669749e-15
0.75777223, 0.64951905, 3.0206929e-15
0.75777223, 0.70364564, 1.5883397e-15
0.75777223, 0.75777223, 1.6479027e-15
0.75777223, 0.81189882, 1.9885897e-15
0.75777223, 0.8660254, 1.9087898e-15
0.75777223, 0.92015199, 3.7790191e-16
0.75777223, 0.97427858, 3.3087533e-16
0.75777223, 1.0284052, 1.0835211e-15
0.75777223, 1.0825318, 6.7313006e-16
0.75777223, 1.1366583, 3.4940448e-13
0.75777223, 1.1907849, 1.1421069e-09
0.75777223, 1.2449115, 2.5664679e-08
0.75777223, 1.2990381, 2.4821187e-09
0.75777223, 1.3531647, 3.5621405e-13
0.75777223, 1.4072913, 1.5436748e-13
0.75777223, 1.4614179, 2.4599143e-11
0.75777223, 1.5155445, 2.9032084e-13
0.75777223, 1.569671, 4.9900473e-16
0.75777223, 1.6237976, 3.051717e-17
0.75777223, 1.6779242, 1.2094455e-17
0.75777223, 1.7320508, 1.6649607e-17
 
0.81189882, 0.054126588, 4.3291585e-13
0.81189882, 0.10825318, 7.0556861e-14
0.81189882, 0.16237976, 2.6552795e-14
0.81189882, 0.21650635, 4.3910122e-14
0.81189882, 0.27063294, 1.7808008e-14
0.81189882, 0.32475953, 8.0737673e-15
0.81189882, 0.37888611, 1.0114733e-14
0.81189882, 0.4330127, 8.6273628e-15
0.81189882, 0.48713929, 3.7866541e-16
0.81189882, 0.54126588, 6.2381301e-15
0.81189882, 0.59539247, 5.7135319e-15
0.81189882, 0.64951905, 3.7772489e-15
0.81189882, 0.70364564, 2.3005317e-15
0.81189882, 0.75777223, 1.9885897e-15
0.81189882, 0.81189882, 1.6902675e-15
0.81189882, 0.8660254, 9.8081797e-16
0.81189882, 0.92015199, 4.2728211e-17
0.81189882, 0.97427858, 5.4112817e-16
0.81189882, 1.0284052, 2.5279879e-15
0.81189882, 1.0825318, 2.5559157e-16
0.81189882, 1.1366583, 7.5598516e-11
0.81189882, 1.1907849, 1.351867e-08
0.81189882, 1.2449115, 9.9944599e-09
0.81189882, 1.2990381, 2.4756612e-12
0.81189882, 1.3531647, 1.0864418e-14
0.81189882, 1.4072913, 3.0877243e-14
0.81189882, 1.4614179, 3.3766569e-12
0.81189882, 1.5155445, 8.2199797e-14
0.81189882, 1.569671, 1.0307211e-16
0.81189882, 1.6237976, 1.4725336e-17
0.81189882, 1.6779242, 4.2868975e-18
0.81189882, 1.7320508, 2.0255431e-17
 
0.8660254, 0.054126588, 3.9363531e-13
0.8660254, 0.10825318, 8.1291765e-14
0.8660254, 0.16237976, 4.0221645e-14
0.8660254, 0.21650635, 2.5663182e-14
0.8660254, 0.27063294, 3.6836585e-15
0.8660254, 0.32475953, 1.577e-14
0.8660254, 0.37888611, 1.0183897e-15
0.8660254, 0.4330127, 1.0560384e-14
0.8660254, 0.48713929, 1.0966592e-15
0.8660254, 0.54126588, 1.0706329e-15
0.8660254, 0.59539247, 3.2942216e-15
0.8660254, 0.64951905, 3.5772848e-15
0.8660254, 0.70364564, 2.6621667e-15
0.8660254, 0.75777223, 1.9087898e-15
0.8660254, 0.81189882, 9.8081797e-16
0.8660254, 0.8660254, 1.7023459e-16
0.8660254, 0.92015199, 1.6288172e-16
0.8660254, 0.97427858, 1.3070165e-15
0.8660254, 1.0284052, 1.8404575e-14
0.8660254, 1.0825318, 2.2524056e-12
0.8660254, 1.1366583, 6.1608291e-09
0.8660254, 1.1907849, 1.6771074e-08
0.8660254, 1.2449115, 2.3710327e-10
0.8660254, 1.2990381, 1.0444897e-16
0.8660254, 1.3531647, 4.4708917e-16
0.8660254, 1.4072913, 6.5162131e-15
0.8660254, 1.4614179, 5.5094572e-13
0.8660254, 1.5155445, 8.6068444e-15
0.8660254, 1.569671, 9.4079451e-18
0.8660254, 1.6237976, 8.3022184e-18
0.8660254, 1.6779242, 3.7215599e-19
0.8660254, 1.7320508, 1.8544446e-17
 
0.92015199, 0.054126588, 6.4719691e-13
0.92015199, 0.10825318, 1.3742785e-13
0.92015199, 0.16237976, 4.9104866e-14
0.92015199, 0.21650635, 8.3275144e-15
0.92015199, 0.27063294, 1.3223229e-14
0.92015199, 0.32475953, 1.1373016e-14
0.92015199, 0.37888611, 2.7983131e-15
0.92015199, 0.4330127, 4.363707e-15
0.92015199, 0.48713929, 4.7516131e-15
0.92015199, 0.54126588, 7.289427e-16
0.92015199, 0.59539247, 1.0137006e-16
0.92015199, 0.64951905, 6.8063076e-16
0.92015199, 0.70364564, 7.0649387e-16
0.92015199, 0.75777223, 3.7790191e-16
0.92015199, 0.81189882, 4.2728211e-17
0.92015199, 0.8660254, 1.6288172e-16
0.92015199, 0.92015199, 8.8015597e-16
0.92015199, 0.97427858, 1.6429139e-14
0.92015199, 1.0284052, 1.1357792e-14
0.92015199, 1.0825318, 2.2870547e-09
0.92015199, 1.1366583, 1.7049222e-08
0.92015199, 1.1907849, 1.3535645e-09
0.92015199, 1.2449115, 2.9420579e-13
0.92015199, 1.2990381, 6.5709968e-16
0.92015199, 1.3531647, 8.36378e-17
0.92015199, 1.4072913, 8.4370259e-16
0.92015199, 1.4614179, 1.9952408e-13
0.92015199, 1.5155445, 3.3572697e-14
0.92015199, 1.569671, 2.2126072e-17
0.92015199, 1.6237976, 8.2686901e-19
0.92015199, 1.6779242, 1.3788633e-17
0.92015199, 1.7320508, 7.0723831e-18
 
0.97427858, 0.054126588, 8.8480187e-13
0.97427858, 0.10825318, 1.7715679e-13
0.97427858, 0.16237976, 5.8783334e-14
0.97427858, 0.21650635, 2.0243784e-14
0.97427858, 0.27063294, 1.8251474e-14
0.97427858, 0.32475953, 5.0488498e-16
0.97427858, 0.37888611, 6.9520367e-15
0.97427858, 0.4330127, 5.0312741e-16
0.97427858, 0.48713929, 1.9482211e-15
0.97427858, 0.54126588, 3.3383031e-15
0.97427858, 0.59539247, 1.4594372e-15
0.97427858, 0.64951905, 5.2795668e-16
0.97427858, 0.70364564, 2.68528e-16
0.97427858, 0.75777223, 3.3087533e-16
0.97427858, 0.81189882, 5.4112817e-16
0.97427858, 0.8660254, 1.3070165e-15
0.97427858, 0.92015199, 1.6429139e-14
0.97427858, 0.97427858, 1.212156e-13
0.97427858, 1.0284052, 1.3947923e-09
0.97427858, 1.0825318, 1.3949463e-08
0.97427858, 1.1366583, 2.8242579e-09
0.97427858, 1.1907849, 5.0377563e-14
0.97427858, 1.2449115, 2.6199211e-15
0.97427858, 1.2990381, 7.913507e-16
0.97427858, 1.3531647, 4.7681122e-17
0.97427858, 1.4072913, 4.584974e-14
0.97427858, 1.4614179, 3.8435654e-12
0.97427858, 1.5155445, 7.74014e-14
0.97427858, 1.569671, 1.2547249e-16
0.97427858, 1.6237976, 1.6343038e-17
0.97427858, 1.6779242, 8.003407e-18
0.97427858, 1.7320508, 3.5212638e-18
 
1.0284052, 0.054126588, 1.247851e-12
1.0284052, 0.10825318, 2.5685529e-13
1.0284052, 0.16237976, 9.8936578e-14
1.0284052, 0.21650635, 2.3637027e-14
1.0284052, 0.27063294, 1.078107e-14
1.0284052, 0.32475953, 6.8005096e-15
1.0284052, 0.37888611, 1.2385492e-16
1.0284052, 0.4330127, 4.4866451e-15
1.0284052, 0.48713929, 8.5744019e-16
1.0284052, 0.54126588, 2.1586094e-16
1.0284052, 0.59539247, 1.0441254e-15
1.0284052, 0.64951905, 1.3029908e-15
1.0284052, 0.70364564, 1.053693e-15
1.0284052, 0.75777223, 1.0835211e-15
1.0284052, 0.81189882, 2.5279879e-15
1.0284052, 0.8660254, 1.8404575e-14
1.0284052, 0.92015199, 1.1357792e-14
1.0284052, 0.97427858, 1.3947923e-09
1.0284052, 1.0284052, 1.3861297e-08
1.0284052, 1.0825318, 3.5811672e-09
1.0284052, 1.1366583, 8.1166457e-13
1.0284052, 1.1907849, 1.1909914e-14
1.0284052, 1.2449115, 1.1181816e-15
1.0284052, 1.2990381, 2.5865211e-17
1.0284052, 1.3531647, 1.1655062e-17
1.0284052, 1.4072913, 1.1488137e-16
1.0284052, 1.4614179, 3.1345735e-14
1.0284052, 1.5155445, 7.01953e-16
1.0284052, 1.569671, 1.3058717e-17
1.0284052, 1.6237976, 8.5265419e-18
1.0284052, 1.6779242, 4.6322442e-19
1.0284052, 1.7320508, 1.0992187e-17
 
1.0825318, 0.054126588, 2.2626783e-12
1.0825318, 0.10825318, 4.5509744e-13
1.0825318, 0.16237976, 1.6155584e-13
1.0825318, 0.21650635, 3.3826348e-14
1.0825318, 0.27063294, 2.6515122e-14
1.0825318, 0.32475953, 1.6728691e-15
1.0825318, 0.37888611, 3.48042e-15
1.0825318, 0.4330127, 9.9819982e-17
1.0825318, 0.48713929, 1.5695525e-15
1.0825318, 0.54126588, 1.8261198e-15
1.0825318, 0.59539247, 5.4731359e-16
1.0825318, 0.64951905, 1.4391246e-16
1.0825318, 0.70364564, 2.1220662e-16
1.0825318, 0.75777223, 6.7313006e-16
1.0825318, 0.81189882, 2.5559157e-16
1.0825318, 0.8660254, 2.2524056e-12
1.0825318, 0.92015199, 2.2870547e-09
1.0825318, 0.97427858, 1.3949463e-08
1.0825318, 1.0284052, 3.5811672e-09
1.0825318, 1.0825318, 2.0942457e-12
1.0825318, 1.1366583, 1.0577026e-14
1.0825318, 1.1907849, 5.5482896e-16
1.0825318, 1.2449115, 9.1538156e-18
1.0825318, 1.2990381, 2.1112206e-17
1.0825318, 1.3531647, 3.841194e-17
1.0825318, 1.4072913, 8.9061136e-15
1.0825318, 1.4614179, 8.3602865e-13
1.0825318, 1.5155445, 1.4492245e-14
1.0825318, 1.569671, 2.3933597e-17
1.0825318, 1.6237976, 3.8254496e-18
1.0825318, 1.6779242, 7.4082934e-18
1.0825318, 1.7320508, 1.0082906e-18
 
1.1366583, 0.054126588, 4.417292e-12
1.1366583, 0.10825318, 8.8543224e-13
1.1366583, 0.16237976, 3.2086977e-13
1.1366583, 0.21650635, 6.3342631e-14
1.1366583, 0.27063294, 3.9504233e-14
1.1366583, 0.32475953, 6.0639169e-15
1.1366583, 0.37888611, 1.0689673e-16
1.1366583, 0.4330127, 2.1223852e-15
1.1366583, 0.48713929, 8.2840604e-16
1.1366583, 0.54126588, 1.4059236e-16
1.1366583, 0.59539247, 8.5186155e-16
1.1366583, 0.64951905, 3.5365521e-15
1.1366583, 0.70364564, 1.8661175e-14
1.1366583, 0.75777223, 3.4940448e-13
1.1366583, 0.81189882, 7.5598516e-11
1.1366583, 0.8660254, 6.1608291e-09
1.1366583, 0.92015199, 1.7049222e-08
1.1366583, 0.97427858, 2.8242579e-09
1.1366583, 1.0284052, 8.1166457e-13
1.1366583, 1.0825318, 1.0577026e-14
1.1366583, 1.1366583, 3.6677618e-16
1.1366583, 1.1907849, 3.4109641e-17
1.1366583, 1.2449115, 3.9080765e-17
1.1366583, 1.2990381, 2.6902888e-17
1.1366583, 1.3531647, 1.3130837e-17
1.1366583, 1.4072913, 2.5687725e-15
1.1366583, 1.4614179, 1.5512867e-13
1.1366583, 1.5155445, 1.2601936e-14
1.1366583, 1.569671, 1.9952398e-17
1.1366583, 1.6237976, 2.2994796e-18
1.1366583, 1.6779242, 2.1324127e-18
1.1366583, 1.7320508, 5.684426e-18
 
1.1907849, 0.054126588, 1.0133733e-11
1.1907849, 0.10825318, 2.0472115e-12
1.1907849, 0.16237976, 7.4684899e-13
1.1907849, 0.21650635, 1.5587755e-13
1.1907849, 0.27063294, 9.3873522e-14
1.1907849, 0.32475953, 7.3463021e-15
1.1907849, 0.37888611, 1.843095e-15
1.1907849, 0.4330127, 9.8812392e-16
1.1907849, 0.48713929, 8.9301615e-16
1.1907849, 0.54126588, 4.9831207e-15
1.1907849, 0.59539247, 8.5937657e-15
1.1907849, 0.64951905, 2.5959854e-14
1.1907849, 0.70364564, 3.8752739e-13
1.1907849, 0.75777223, 1.1421069e-09
1.1907849, 0.81189882, 1.351867e-08
1.1907849, 0.8660254, 1.6771074e-08
1.1907849, 0.92015199, 1.3535645e-09
1.1907849, 0.97427858, 5.0377563e-14
1.1907849, 1.0284052, 1.1909914e-14
1.1907849, 1.0825318, 5.5482896e-16
1.1907849, 1.1366583, 3.4109641e-17
1.1907849, 1.1907849, 3.9651238e-17
1.1907849, 1.2449115, 1.0119366e-17
1.1907849, 1.2990381, 2.9063959e-19
1.1907849, 1.3531647, 2.3505479e-18
1.1907849, 1.4072913, 1.6338685e-15
1.1907849, 1.4614179, 1.5183988e-13
1.1907849, 1.5155445, 2.6707511e-15
1.1907849, 1.569671, 5.0102929e-18
1.1907849, 1.6237976, 8.0303785e-18
1.1907849, 1.6779242, 1.1848321e-18
1.1907849, 1.7320508, 5.3932579e-18
 
1.2449115, 0.054126588, 3.0097384e-11
1.2449115, 0.10825318, 6.0164544e-12
1.2449115, 0.16237976, 2.1430154e-12
1.2449115, 0.21650635, 4.1881059e-13
1.2449115, 0.27063294, 2.9869616e-13
1.2449115, 0.32475953, 3.1439125e-14
1.2449115, 0.37888611, 3.6437305e-15
1.2449115, 0.4330127, 9.7740965e-15
1.2449115, 0.48713929, 4.4221048e-14
1.2449115, 0.54126588, 6.9576916e-14
1.2449115, 0.59539247, 2.9357084e-14
1.2449115, 0.64951905, 5.8211597e-10
1.2449115, 0.70364564, 1.0113799e-08
1.2449115, 0.75777223, 2.5664679e-08
1.2449115, 0.81189882, 9.9944599e-09
1.2449115, 0.8660254, 2.3710327e-10
1.2449115, 0.92015199, 2.9420579e-13
1.2449115, 0.97427858, 2.6199211e-15
1.2449115, 1.0284052, 1.1181816e-15
1.2449115, 1.0825318, 9.1538156e-18
1.2449115, 1.1366583, 3.9080765e-17
1.2449115, 1.1907849, 1.0119366e-17
1.2449115, 1.2449115, 1.7255448e-18
1.2449115, 1.2990381, 2.8939966e-18
1.2449115, 1.3531647, 7.9933492e-18
1.2449115, 1.4072913, 1.6221557e-15
1.2449115, 1.4614179, 7.2979698e-14
1.2449115, 1.5155445, 3.6068682e-15
1.2449115, 1.569671, 4.3380316e-18
1.2449115, 1.6237976, 1.5778864e-18
1.2449115, 1.6779242, 6.834877e-18
1.2449115, 1.7320508, 3.5267211e-19
 
1.2990381, 0.054126588, 1.2541531e-10
1.2990381, 0.10825318, 2.5247717e-11
1.2990381, 0.16237976, 8.9482706e-12
1.2990381, 0.21650635, 1.7259252e-12
1.2990381, 0.27063294, 1.3036226e-12
1.2990381, 0.32475953, 3.0119291e-13
1.2990381, 0.37888611, 1.7183484e-15
1.2990381, 0.4330127, 2.1422937e-12
1.2990381, 0.48713929, 1.3680107e-11
1.2990381, 0.54126588, 1.6458062e-09
1.2990381, 0.59539247, 1.4981363e-08
1.2990381, 0.64951905, 3.9913266e-08
1.2990381, 0.70364564, 2.4448253e-08
1.2990381, 0.75777223, 2.4821187e-09
1.2990381, 0.81189882, 2.4756612e-12
1.2990381, 0.8660254, 1.0444897e-16
1.2990381, 0.92015199, 6.5709968e-16
1.2990381, 0.97427858, 7.913507e-16
1.2990381, 1.0284052, 2.5865211e-17
1.2990381, 1.0825318, 2.1112206e-17
1.2990381, 1.1366583, 2.6902888e-17
1.2990381, 1.1907849, 2.9063959e-19
1.2990381, 1.2449115, 2.8939966e-18
1.2990381, 1.2990381, 7.807888e-18
1.2990381, 1.3531647, 1.1720771e-17
1.2990381, 1.4072913, 9.2726452e-17
1.2990381, 1.4614179, 4.73271e-14
1.2990381, 1.5155445, 3.0724083e-15
1.2990381, 1.569671, 4.3269946e-18
1.2990381, 1.6237976, 3.4776158e-20
1.2990381, 1.6779242, 1.2258862e-17
1.2990381, 1.7320508, 1.9259031e-16
 
1.3531647, 0.054126588, 9.7949979e-10
1.3531647, 0.10825318, 1.9805375e-10
1.3531647, 0.16237976, 7.0397671e-11
1.3531647, 0.21650635, 1.7001393e-11
1.3531647, 0.27063294, 8.9049379e-12
1.3531647, 0.32475953, 2.024332e-10
1.3531647, 0.37888611, 2.76986e-09
1.3531647, 0.4330127, 2.0831074e-08
1.3531647, 0.48713929, 5.1726301e-08
1.3531647, 0.54126588, 7.9380303e-08
1.3531647, 0.59539247, 4.2767261e-08
1.3531647, 0.64951905, 6.5036893e-09
1.3531647, 0.70364564, 6.2325579e-11
1.3531647, 0.75777223, 3.5621405e-13
1.3531647, 0.81189882, 1.0864418e-14
1.3531647, 0.8660254, 4.4708917e-16
1.3531647, 0.92015199, 8.36378e-17
1.3531647, 0.97427858, 4.7681122e-17
1.3531647, 1.0284052, 1.1655062e-17
1.3531647, 1.0825318, 3.841194e-17
1.3531647, 1.1366583, 1.3130837e-17
1.3531647, 1.1907849, 2.3505479e-18
1.3531647, 1.2449115, 7.9933492e-18
1.3531647, 1.2990381, 1.1720771e-17
1.3531647, 1.3531647, 1.2341354e-17
1.3531647, 1.4072913, 1.0606725e-15
1.3531647, 1.4614179, 1.0494874e-13
1.3531647, 1.5155445, 1.7605304e-15
1.3531647, 1.569671, 6.4446665e-18
1.3531647, 1.6237976, 2.3221145e-18
1.3531647, 1.6779242, 1.2821645e-16
1.3531647, 1.7320508, 2.9972059e-18
 
1.4072913, 0.054126588, 5.7663683e-07
1.4072913, 0.10825318, 1.2568319e-07
1.4072913, 0.16237976, 7.4321079e-08
1.4072913, 0.21650635, 1.3251687e-07
1.4072913, 0.27063294, 3.6111576e-07
1.4072913, 0.32475953, 3.6068499e-07
1.4072913, 0.37888611, 3.0141859e-07
1.4072913, 0.4330127, 2.1569565e-07
1.4072913, 0.48713929, 5.5363371e-08
1.4072913, 0.54126588, 5.8922081e-09
1.4072913, 0.59539247, 4.3702284e-11
1.4072913, 0.64951905, 1.3156318e-12
1.4072913, 0.70364564, 5.0494947e-14
1.4072913, 0.75777223, 1.5436748e-13
1.4072913, 0.81189882, 3.0877243e-14
1.4072913, 0.8660254, 6.5162131e-15
1.4072913, 0.92015199, 8.4370259e-16
1.4072913, 0.97427858, 4.584974e-14
1.4072913, 1.0284052, 1.1488137e-16
1.4072913, 1.0825318, 8.9061136e-15
1.4072913, 1.1366583, 2.5687725e-15
1.4072913, 1.1907849, 1.6338685e-15
1.4072913, 1.2449115, 1.6221557e-15
1.4072913, 1.2990381, 9.2726452e-17
1.4072913, 1.3531647, 1.0606725e-15
1.4072913, 1.4072913, 1.0537215e-15
1.4072913, 1.4614179, 6.1864166e-15
1.4072913, 1.5155445, 4.1697246e-16
1.4072913, 1.569671, 3.1822386e-17
1.4072913, 1.6237976, 6.0407682e-16
1.4072913, 1.6779242, 4.9128689e-16
1.4072913, 1.7320508, 1.2359716e-17
 
1.4614179, 0.054126588, 5.7502117e-05
1.4614179, 0.10825318, 1.2917273e-05
1.4614179, 0.16237976, 5.8612732e-06
1.4614179, 0.21650635, 2.6856797e-06
1.4614179, 0.27063294, 1.8424573e-06
1.4614179, 0.32475953, 6.558444e-07
1.4614179, 0.37888611, 4.3190977e-08
1.4614179, 0.4330127, 2.2512574e-09
1.4614179, 0.48713929, 9.6916332e-11
1.4614179, 0.54126588, 3.2121975e-12
1.4614179, 0.59539247, 3.1154284e-10
1.4614179, 0.64951905, 7.3307647e-12
1.4614179, 0.70364564, 5.5191125e-12
1.4614179, 0.75777223, 2.4599143e-11
1.4614179, 0.81189882, 3.3766569e-12
1.4614179, 0.8660254, 5.5094572e-13
1.4614179, 0.92015199, 1.9952408e-13
1.4614179, 0.97427858, 3.8435654e-12
1.4614179, 1.0284052, 3.1345735e-14
1.4614179, 1.0825318, 8.3602865e-13
1.4614179, 1.1366583, 1.5512867e-13
1.4614179, 1.1907849, 1.5183988e-13
1.4614179, 1.2449115, 7.2979698e-14
1.4614179, 1.2990381, 4.73271e-14
1.4614179, 1.3531647, 1.0494874e-13
1.4614179, 1.4072913, 6.1864166e-15
1.4614179, 1.4614179, 1.1388806e-13
1.4614179, 1.5155445, 5.6888531e-15
1.4614179, 1.569671, 4.7097261e-16
1.4614179, 1.6237976, 4.9190805e-14
1.4614179, 1.6779242, 3.4601188e-14
1.4614179, 1.7320508, 1.0853219e-15
 
1.5155445, 0.054126588, 1.25016e-06
1.5155445, 0.10825318, 2.5114819e-07
1.5155445, 0.16237976, 8.830625e-08
1.5155445, 0.21650635, 1.1375167e-08
1.5155445, 0.27063294, 1.4852245e-09
1.5155445, 0.32475953, 3.7287646e-10
1.5155445, 0.37888611, 4.6890177e-11
1.5155445, 0.4330127, 1.9383236e-11
1.5155445, 0.48713929, 1.2370479e-12
1.5155445, 0.54126588, 3.7394279e-12
1.5155445, 0.59539247, 3.4567454e-12
1.5155445, 0.64951905, 7.2035496e-14
1.5155445, 0.70364564, 7.6701656e-14
1.5155445, 0.75777223, 2.9032084e-13
1.5155445, 0.81189882, 8.2199797e-14
1.5155445, 0.8660254, 8.6068444e-15
1.5155445, 0.92015199, 3.3572697e-14
1.5155445, 0.97427858, 7.74014e-14
1.5155445, 1.0284052, 7.01953e-16
1.5155445, 1.0825318, 1.4492245e-14
1.5155445, 1.1366583, 1.2601936e-14
1.5155445, 1.1907849, 2.6707511e-15
1.5155445, 1.2449115, 3.6068682e-15
1.5155445, 1.2990381, 3.0724083e-15
1.5155445, 1.3531647, 1.7605304e-15
1.5155445, 1.4072913, 4.1697246e-16
1.5155445, 1.4614179, 5.6888531e-15
1.5155445, 1.5155445, 1.6549656e-15
1.5155445, 1.569671, 1.4218426e-17
1.5155445, 1.6237976, 1.01822e-15
1.5155445, 1.6779242, 9.7612157e-16
1.5155445, 1.7320508, 2.353611e-17
 
1.569671, 0.054126588, 1.9305966e-09
1.569671, 0.10825318, 3.701371e-10
1.569671, 0.16237976, 1.2693198e-10
1.569671, 0.21650635, 2.1682871e-11
1.569671, 0.27063294, 1.3335796e-11
1.569671, 0.32475953, 7.2900562e-13
1.569671, 0.37888611, 3.6676655e-14
1.569671, 0.4330127, 5.4397392e-14
1.569671, 0.48713929, 2.234902e-16
1.569671, 0.54126588, 2.5548954e-15
1.569671, 0.59539247, 5.2661546e-15
1.569671, 0.64951905, 7.5862123e-17
1.569671, 0.70364564, 6.3767158e-17
1.569671, 0.75777223, 4.9900473e-16
1.569671, 0.81189882, 1.0307211e-16
1.569671, 0.8660254, 9.4079451e-18
1.569671, 0.92015199, 2.2126072e-17
1.569671, 0.97427858, 1.2547249e-16
1.569671, 1.0284052, 1.3058717e-17
1.569671, 1.0825318, 2.3933597e-17
1.569671, 1.1366583, 1.9952398e-17
1.569671, 1.1907849, 5.0102929e-18
1.569671, 1.2449115, 4.3380316e-18
1.569671, 1.2990381, 4.3269946e-18
1.569671, 1.3531647, 6.4446665e-18
1.569671, 1.4072913, 3.1822386e-17
1.569671, 1.4614179, 4.7097261e-16
1.569671, 1.5155445, 1.4218426e-17
1.569671, 1.569671, 4.8670742e-20
1.569671, 1.6237976, 1.66148e-18
1.569671, 1.6779242, 1.5471401e-18
1.569671, 1.7320508, 6.4462961e-20
 
1.6237976, 0.054126588, 7.440394e-11
1.6237976, 0.10825318, 1.4518124e-11
1.6237976, 0.16237976, 4.9205143e-12
1.6237976, 0.21650635, 8.4144512e-13
1.6237976, 0.27063294, 6.25162e-13
1.6237976, 0.32475953, 3.8643097e-14
1.6237976, 0.37888611, 5.5786181e-16
1.6237976, 0.4330127, 1.5611911e-15
1.6237976, 0.48713929, 8.6949822e-17
1.6237976, 0.54126588, 1.2868178e-16
1.6237976, 0.59539247, 2.7363467e-16
1.6237976, 0.64951905, 4.8045321e-17
1.6237976, 0.70364564, 1.9160982e-17
1.6237976, 0.75777223, 3.051717e-17
1.6237976, 0.81189882, 1.4725336e-17
1.6237976, 0.8660254, 8.3022184e-18
1.6237976, 0.92015199, 8.2686901e-19
1.6237976, 0.97427858, 1.6343038e-17
1.6237976, 1.0284052, 8.5265419e-18
1.6237976, 1.0825318, 3.8254496e-18
1.6237976, 1.1366583, 2.2994796e-18
1.6237976, 1.1907849, 8.0303785e-18
1.6237976, 1.2449115, 1.5778864e-18
1.6237976, 1.2990381, 3.4776158e-20
1.6237976, 1.3531647, 2.3221145e-18
1.6237976, 1.4072913, 6.0407682e-16
1.6237976, 1.4614179, 4.9190805e-14
1.6237976, 1.5155445, 1.01822e-15
1.6237976, 1.569671, 1.66148e-18
1.6237976, 1.6237976, 3.7244577e-19
1.6237976, 1.6779242, 1.0697376e-19
1.6237976, 1.7320508, 1.5359677e-19
 
1.6779242, 0.054126588, 1.1918824e-11
1.6779242, 0.10825318, 2.3721055e-12
1.6779242, 0.16237976, 8.5460569e-13
1.6779242, 0.21650635, 1.6589198e-13
1.6779242, 0.27063294, 1.0490919e-13
1.6779242, 0.32475953, 8.6352014e-15
1.6779242, 0.37888611, 1.3009021e-16
1.6779242, 0.4330127, 4.3027943e-16
1.6779242, 0.48713929, 5.1671881e-17
1.6779242, 0.54126588, 1.7085644e-17
1.6779242, 0.59539247, 4.0372072e-17
1.6779242, 0.64951905, 7.1526575e-18
1.6779242, 0.70364564, 9.0284975e-18
1.6779242, 0.75777223, 1.2094455e-17
1.6779242, 0.81189882, 4.2868975e-18
1.6779242, 0.8660254, 3.7215599e-19
1.6779242, 0.92015199, 1.3788633e-17
1.6779242, 0.97427858, 8.003407e-18
1.6779242, 1.0284052, 4.6322442e-19
1.6779242, 1.0825318, 7.4082934e-18
1.6779242, 1.1366583, 2.1324127e-18
1.6779242, 1.1907849, 1.1848321e-18
1.6779242, 1.2449115, 6.834877e-18
1.6779242, 1.2990381, 1.2258862e-17
1.6779242, 1.3531647, 1.2821645e-16
1.6779242, 1.4072913, 4.9128689e-16
1.6779242, 1.4614179, 3.4601188e-14
1.6779242, 1.5155445, 9.7612157e-16
1.6779242, 1.569671, 1.5471401e-18
1.6779242, 1.6237976, 1.0697376e-19
1.6779242, 1.6779242, 8.9815198e-20
1.6779242, 1.7320508, 6.6466045e-18
 
1.7320508, 0.054126588, 2.4953937e-12
1.7320508, 0.10825318, 5.0908787e-13
1.7320508, 0.16237976, 1.8179646e-13
1.7320508, 0.21650635, 3.0317119e-14
1.7320508, 0.27063294, 1.9469382e-14
1.7320508, 0.32475953, 9.5405478e-16
1.7320508, 0.37888611, 2.0418114e-16
1.7320508, 0.4330127, 1.0882789e-16
1.7320508, 0.48713929, 1.5378129e-16
1.7320508, 0.54126588, 7.3178885e-17
1.7320508, 0.59539247, 7.1623904e-17
1.7320508, 0.64951905, 3.492765e-17
1.7320508, 0.70364564, 1.981235e-17
1.7320508, 0.75777223, 1.6649607e-17
1.7320508, 0.81189882, 2.0255431e-17
1.7320508, 0.8660254, 1.8544446e-17
1.7320508, 0.92015199, 7.0723831e-18
1.7320508, 0.97427858, 3.5212638e-18
1.7320508, 1.0284052, 1.0992187e-17
1.7320508, 1.0825318, 1.0082906e-18
1.7320508, 1.1366583, 5.684426e-18
1.7320508, 1.1907849, 5.3932579e-18
1.7320508, 1.2449115, 3.5267211e-19
1.7320508, 1.2990381, 1.9259031e-16
1.7320508, 1.3531647, 2.9972059e-18
1.7320508, 1.4072913, 1.2359716e-17
1.7320508, 1.4614179, 1.0853219e-15
1.7320508, 1.5155445, 2.353611e-17
1.7320508, 1.569671, 6.4462961e-20
1.7320508, 1.6237976, 1.5359677e-19
1.7320508, 1.6779242, 6.6466045e-18
1.7320508, 1.7320508, 5.7308555e-15
